4.500000000000000000e+02
7.500000000000000000e+02
1.050000000000000000e+03
1.350000000000000000e+03
1.650000000000000000e+03
1.950000000000000000e+03
2.250000000000000000e+03
2.550000000000000000e+03
2.850000000000000000e+03
3.150000000000000000e+03
3.450000000000000000e+03
3.750000000000000000e+03
4.050000000000000000e+03
4.350000000000000000e+03
4.650000000000000000e+03
4.950000000000000000e+03
5.250000000000000000e+03
5.550000000000000000e+03
5.850000000000000000e+03
6.150000000000000000e+03
6.450000000000000000e+03
6.750000000000000000e+03
7.050000000000000000e+03
7.350000000000000000e+03
7.650000000000000000e+03
7.950000000000000000e+03
8.250000000000000000e+03
8.550000000000000000e+03
8.850000000000000000e+03
9.150000000000000000e+03
9.450000000000000000e+03
9.750000000000000000e+03
1.005000000000000000e+04
1.035000000000000000e+04
1.065000000000000000e+04
1.095000000000000000e+04
1.125000000000000000e+04
1.155000000000000000e+04
1.185000000000000000e+04
1.215000000000000000e+04
1.245000000000000000e+04
1.275000000000000000e+04
1.305000000000000000e+04
1.335000000000000000e+04
1.365000000000000000e+04
1.395000000000000000e+04
1.425000000000000000e+04
1.455000000000000000e+04
1.485000000000000000e+04
1.515000000000000000e+04
1.545000000000000000e+04
1.575000000000000000e+04
1.605000000000000000e+04
1.635000000000000000e+04
1.665000000000000000e+04
1.695000000000000000e+04
1.725000000000000000e+04
1.755000000000000000e+04
1.785000000000000000e+04
1.815000000000000000e+04
1.845000000000000000e+04
1.875000000000000000e+04
1.905000000000000000e+04
1.935000000000000000e+04
1.965000000000000000e+04
1.995000000000000000e+04
2.025000000000000000e+04
2.055000000000000000e+04
2.085000000000000000e+04
2.115000000000000000e+04
2.145000000000000000e+04
2.175000000000000000e+04
2.205000000000000000e+04
2.235000000000000000e+04
2.265000000000000000e+04
2.295000000000000000e+04
2.325000000000000000e+04
2.355000000000000000e+04
2.385000000000000000e+04
2.415000000000000000e+04
2.445000000000000000e+04
2.475000000000000000e+04
2.505000000000000000e+04
2.535000000000000000e+04
2.565000000000000000e+04
2.595000000000000000e+04
2.625000000000000000e+04
2.655000000000000000e+04
2.685000000000000000e+04
2.715000000000000000e+04
2.745000000000000000e+04
2.775000000000000000e+04
2.805000000000000000e+04
2.835000000000000000e+04
2.865000000000000000e+04
2.895000000000000000e+04
2.925000000000000000e+04
2.955000000000000000e+04
2.985000000000000000e+04
3.015000000000000000e+04
3.045000000000000000e+04
3.075000000000000000e+04
3.105000000000000000e+04
3.135000000000000000e+04
3.165000000000000000e+04
3.195000000000000000e+04
3.225000000000000000e+04
3.255000000000000000e+04
3.285000000000000000e+04
3.315000000000000000e+04
3.345000000000000000e+04
3.375000000000000000e+04
3.405000000000000000e+04
3.435000000000000000e+04
3.465000000000000000e+04
3.495000000000000000e+04
3.525000000000000000e+04
3.555000000000000000e+04
3.585000000000000000e+04
3.615000000000000000e+04
3.645000000000000000e+04
3.675000000000000000e+04
3.705000000000000000e+04
3.735000000000000000e+04
3.765000000000000000e+04
3.795000000000000000e+04
3.825000000000000000e+04
3.855000000000000000e+04
3.885000000000000000e+04
