# z        k [h/Mpc]   P(k) [(Mpc/h)^3]    Delta^2(k)   
0.000     0.015707963       10409.427    0.0020438863
0.000     0.031415927       25406.487     0.039908417
0.000     0.047123890       12790.554     0.067808322
0.000     0.062831853       10432.118      0.13109386
0.000     0.078539816       7828.7215      0.19214573
0.000     0.094247780       6291.3544      0.26682578
0.000      0.10995574       5099.1577      0.34341753
0.000      0.12566371       4176.5604      0.41987365
0.000      0.14137167       3387.1042      0.48482608
0.000      0.15707963       3139.4716      0.61643380
0.000      0.17278760       2799.0584      0.73150938
0.000      0.18849556       2352.9421      0.79833445
0.000      0.20420352       2223.4597      0.95915592
0.000      0.21991149       2005.6040       1.0805856
0.000      0.23561945       1816.7045       1.2038932
0.000      0.25132741       1705.6441       1.3717603
0.000      0.26703538       1537.0434       1.4827324
0.000      0.28274334       1455.9878       1.6672669
0.000      0.29845130       1369.2791       1.8440924
0.000      0.31415927       1277.2932       2.0063674
0.000      0.32986723       1203.5661       2.1885562
0.000      0.34557519       1140.1148       2.3836720
0.000      0.36128316       1082.4593       2.5859789
0.000      0.37699112       1040.8415       2.8251935
0.000      0.39269908       985.92674       3.0247854
0.000      0.40840704       940.34944       3.2451831
0.000      0.42411501       914.47159       3.5342023
0.000      0.43982297       884.60435       3.8128793
0.000      0.45553093       820.68752       3.9300829
0.000      0.47123890       818.68150       4.3401889
0.000      0.48694686       764.92799       4.4744074
0.000      0.50265482       758.13146       4.8778040
0.000      0.51836279       734.14345       5.1802729
0.000      0.53407075       706.86301       5.4550897
0.000      0.54977871       670.10847       5.6412992
0.000      0.56548668       652.06704       5.9735106
0.000      0.58119464       659.25084       6.5567067
0.000      0.59690260       624.91135       6.7328524
0.000      0.61261057       624.07677       7.2687834
0.000      0.62831853       609.06484       7.6537345
0.000      0.64402649       589.35775       7.9755467
0.000      0.65973446       586.06452       8.5255655
0.000      0.67544242       570.95596       8.9132865
0.000      0.69115038       558.07051       9.3341976
0.000      0.70685835       542.06308       9.6987833
0.000      0.72256631       525.53412       10.043944
0.000      0.73827427       512.15614       10.440609
0.000      0.75398224       508.90887       11.050798
0.000      0.76969020       491.38011       11.351041
0.000      0.78539816       483.07992       11.856565
0.000      0.80110613       474.65660       12.362888
0.000      0.81681409       470.36705       12.986042
0.000      0.83252205       463.59119       13.551666
0.000      0.84823002       453.04756       14.007317
0.000      0.86393798       441.52332       14.423532
0.000      0.87964594       430.61085       14.848376
0.000      0.89535391       427.43113       15.542490
0.000      0.91106187       420.19871       16.097876
0.000      0.92676983       415.28561       16.746838
0.000      0.94247780       403.10989       17.096495
0.000      0.95818576       397.01989       17.694230
0.000      0.97389372       395.48189       18.506810
0.000      0.98960169       388.94959       19.096108
0.000       1.0053096       378.75748       19.495350
0.000       1.0367256       369.83613       20.877141
0.000       1.0681415       358.45629       22.130582
0.000       1.0995574       352.36049       23.730737
0.000       1.1309734       332.87532       24.395458
0.000       1.1623893       324.44772       25.814860
0.000       1.1938052       318.65849       27.466047
0.000       1.2252211       311.40925       29.016512
0.000       1.2566371       300.42711       30.202227
0.000       1.2880530       286.51743       31.018621
0.000       1.3194689       281.31353       32.738469
0.000       1.3508848       276.06241       34.477242
0.000       1.3823008       268.13333       35.878040
0.000       1.4137167       266.05464       38.082746
0.000       1.4451326       254.75255       38.950398
0.000       1.4765485       248.55884       40.536165
0.000       1.5079645       243.28708       42.263226
0.000       1.5393804       235.64427       43.547678
0.000       1.5707963       231.60134       45.474816
0.000       1.6022123       223.41231       46.551910
0.000       1.6336282       218.66766       48.296366
0.000       1.6650441       216.70022       50.676526
0.000       1.6964600       211.76383       52.378486
0.000       1.7278760       205.46166       53.695606
0.000       1.7592919       199.93197       55.152626
0.000       1.7907078       196.65634       57.207425
0.000       1.8221237       192.23180       58.915434
0.000       1.8535397       187.29304       60.422343
0.000       1.8849556       182.34176       61.867102
0.000       1.9163715       179.71507       64.075777
0.000       1.9477874       173.29701       64.876292
0.000       1.9792034       171.22003       67.250588
0.000       2.0106193       168.77778       69.498441
0.000       2.0734512       162.02088       73.168252
0.000       2.1362830       152.90513       75.521163
0.000       2.1991149       146.72845       79.054814
0.000       2.2619467       138.60207       81.261922
0.000       2.3247786       133.20828       84.790316
0.000       2.3876104       129.32995       89.178417
0.000       2.4504423       125.45808       93.519529
0.000       2.5132741       120.89583       97.230194
0.000       2.5761060       115.85040       100.33650
0.000       2.6389378       111.57764       103.88071
0.000       2.7017697       106.86671       106.77208
0.000       2.7646015       105.21197       112.62455
0.000       2.8274334       100.28519       114.83762
0.000       2.8902652       96.196555       117.66380
0.000       2.9530971       92.539923       120.73483
0.000       3.0159289       90.646112       125.97453
0.000       3.0787608       86.758148       128.26506
0.000       3.1415927       83.554256       131.24672
0.000       3.2044245       81.339212       135.58772
0.000       3.2672564       79.106305       139.77548
0.000       3.3300882       76.784837       143.65242
0.000       3.3929201       74.541451       147.49897
0.000       3.4557519       71.164916       148.78662
0.000       3.5185838       69.521880       153.42476
0.000       3.5814156       67.101713       156.15937
0.000       3.6442475       65.379476       160.30065
0.000       3.7070793       63.662337       164.30413
0.000       3.7699112       61.142719       165.96189
0.000       3.8327430       59.927887       170.93395
0.000       3.8955749       58.483589       175.15355
0.000       3.9584067       56.434478       177.32747
0.000       4.0212386       55.481443       182.76689
0.000       4.1469023       51.248003       185.14783
0.000       4.2725660       50.669893       200.21038
0.000       4.3982297       47.393739       204.27958
0.000       4.5238934       44.288015       207.72730
0.000       4.6495571       43.043691       219.18687
0.000       4.7752208       39.783237       219.45766
0.000       4.9008845       38.383218       228.89434
0.000       5.0265482       36.331902       233.75879
0.000       5.1522120       35.193086       243.84214
0.000       5.2778757       33.294011       247.97839
0.000       5.4035394       31.965905       255.50077
0.000       5.5292031       30.703890       262.93675
0.000       5.6548668       29.834963       273.31464
0.000       5.7805305       28.283942       276.76634
0.000       5.9061942       27.452746       286.53601
0.000       6.0318579       25.606153       284.68717
0.000       6.1575216       25.117859       297.07815
0.000       6.2831853       24.293010       305.27497
0.000       6.4088490       23.140546       308.59151
0.000       6.5345127       22.398462       316.61252
0.000       6.6601764       21.593811       323.18914
0.000       6.7858401       21.062096       333.41315
0.000       6.9115038       20.190164       337.69744
0.000       7.0371675       19.206282       339.08395
0.000       7.1628313       18.650848       347.23460
0.000       7.2884950       18.326739       359.47527
0.000       7.4141587       17.420900       359.68844
0.000       7.5398224       16.921330       367.44142
0.000       7.6654861       16.492280       376.33105
0.000       7.7911498       15.854031       379.85218
0.000       7.9168135       15.313344       384.93866
0.000       8.0424772       14.838860       391.05721
0.000       8.2938046       13.892764       401.53213
0.000       8.5451320       13.084299       413.59668
0.000       8.7964594       12.526908       431.95436
0.000       9.0477868       11.626081       436.24524
0.000       9.2991143       11.245144       458.09971
0.000       9.5504417       10.460954       461.64902
0.000       9.8017691       9.7975316       467.41251
0.000       10.053096       9.3539723       481.46630
0.000       10.304424       8.9511168       496.15644
0.000       10.555751       8.3793605       499.28507
0.000       10.807079       7.8782530       503.76168
0.000       11.058406       7.6553845       524.46302
0.000       11.309734       7.3407101       537.97916
0.000       11.561061       7.0561351       552.37017
0.000       11.812388       6.5342826       545.60874
0.000       12.063716       6.3283035       562.86060
0.000       12.315043       6.1450617       581.43922
0.000       12.566371       5.8150063       584.58819
0.000       12.817698       5.6500476       602.77117
0.000       13.069025       5.3217098       601.79843
0.000       13.320353       5.1168494       612.66078
0.000       13.571680       4.9586798       627.96752
0.000       13.823008       4.7448239       634.88929
0.000       14.074335       4.5713969       645.65846
0.000       14.325663       4.3661585       650.30022
0.000       14.576990       4.2074252       660.22234
0.000       14.828317       4.0780356       673.59195
0.000       15.079645       3.8953344       676.68778
0.000       15.330972       3.7331375       681.48033
0.000       15.582300       3.6043252       690.85813
0.000       15.833627       3.5044886       704.75171
0.000       16.084954       3.4297378       723.08721
0.000       16.587609       3.1450474       727.19158
0.000       17.090264       2.9575155       747.90013
0.000       17.592919       2.7325343       753.78864
0.000       18.095574       2.5796340       774.36447
0.000       18.598229       2.3977434       781.42571
0.000       19.100883       2.3079337       814.80550
0.000       19.603538       2.1667584       826.95929
0.000       20.106193       2.0204292       831.96188
0.000       20.608848       1.8952247       840.41175
0.000       21.111503       1.8082716       861.96840
0.000       21.614157       1.7125828       876.06587
0.000       22.116812       1.5925207       872.81648
0.000       22.619467       1.5312295       897.75462
0.000       23.122122       1.4796176       926.62243
0.000       23.624777       1.3629244       910.42708
0.000       24.127432       1.2935882       920.44867
0.000       24.630086       1.2357793       935.42498
0.000       25.132741       1.1836230       951.92613
0.000       25.635396       1.1331203       967.08884
0.000       26.138051       1.0803130       977.32600
0.000       26.640706       1.0294096       986.04254
0.000       27.143361      0.97439635       987.18092
0.000       27.646015      0.92279068       987.80472
0.000       28.148670      0.89401297       1010.1543
0.000       28.651325      0.85189199       1015.0535
0.000       29.153980      0.81731066       1026.0085
0.000       29.656635      0.78131199       1032.4294
0.000       30.159289      0.74934387       1041.3932
0.000       30.661944      0.71870071       1049.5845
0.000       31.164599      0.69082623       1059.3116
0.000       31.667254      0.66369156       1067.7455
0.000       32.169909      0.63360883       1068.6635
0.000       33.175218      0.59473696       1100.1111
0.000       34.180528      0.53267514       1077.6283
0.000       35.185838      0.49594140       1094.4711
0.000       36.191147      0.47430161       1139.0215
0.000       37.196457      0.43858979       1143.4930
0.000       38.201767      0.39549070       1117.0095
0.000       39.207076      0.37697819       1151.0120
0.000       40.212386      0.35045133       1154.4563
0.000       41.217696      0.32739106       1161.4171
0.000       42.223005      0.30995584       1182.0001
0.000       43.228315      0.28279357       1157.2967
0.000       44.233625      0.27232136       1194.0144
0.000       45.238934      0.25675388       1204.2714
0.000       46.244244      0.23522531       1178.4939
0.000       47.249554      0.22326591       1193.1246
0.000       48.254863      0.21338011       1214.6397
0.000       49.260173      0.19667076       1190.9619
0.000       50.265482      0.18842741       1212.3385
0.000       51.270792      0.17305611       1181.5913
0.000       52.276102      0.16577400       1199.7652
0.000       53.281411      0.15762585       1207.8830
0.000       54.286721      0.14791431       1198.8402
0.000       55.292031      0.14045916       1202.8402
0.000       56.297340      0.13330291       1204.9625
0.000       57.302650      0.12504334       1191.9415
0.000       58.307960      0.11912726       1196.3685
0.000       59.313269      0.11339895       1198.7673
0.000       60.318579      0.10915166       1213.5394
0.000       61.323889      0.10205662       1192.3410
0.000       62.329198     0.096956878       1189.3879
0.000       63.334508     0.092249725       1187.2893
0.000       64.339818     0.087068595       1174.8198
0.000       66.350437     0.080003746       1183.8916
0.000       68.361056     0.072843204       1178.9234
0.000       70.371675     0.067079974       1184.2866
0.000       72.382295     0.059312563       1139.4991
0.000       74.392914     0.053907374       1124.3801
0.000       76.403533     0.049626089       1121.2969
0.000       78.414153     0.045268010       1105.7196
0.000       80.424772     0.042920872       1131.1190
0.000       82.435391     0.037057403       1051.6866
0.000       84.446011     0.035103281       1070.9159
0.000       86.456630     0.032057649       1049.5348
0.000       88.467249     0.030316173       1063.3891
0.000       90.477868     0.026845807       1007.3347
0.000       92.488488     0.025243481       1011.7717
0.000       94.499107     0.023480883       1003.8476
0.000       96.509726     0.021096124       960.69642
0.000       98.520346     0.019977248       967.79573
0.000       100.53096     0.018386329       946.37844
0.000       102.54158     0.017065752       932.17139
0.000       104.55220     0.015932659       922.48238
0.000       106.56282     0.014007468       858.71103
0.000       108.57344     0.014194618       920.37493
0.000       110.58406     0.012351762       846.20731
0.000       112.59468     0.011808440       853.91845
0.000       114.60530     0.011691366       891.55803
0.000       116.61592     0.010751733       863.81796
0.000       118.62654    0.0096166298       813.27745
0.000       120.63716    0.0096823882       861.18418
0.000       122.64778    0.0083396131       779.46247
0.000       124.65840    0.0075271466       738.69514
0.000       126.66902    0.0077674531       799.76075
0.000       128.67964    0.0080337893       867.20178
0.000       132.70087    0.0073490705       870.00955
0.000       136.72211    0.0055736688       721.65179
0.000       140.74335    0.0048151366       680.08395
0.000       144.76459    0.0047632038       732.07648
0.000       148.78583    0.0047521567       792.94984
0.000       152.80707    0.0041770240       755.03581
0.000       156.82831    0.0045764373       894.27506
0.000       160.84954    0.0028835758       607.94059
0.000       164.87078    0.0025850530       586.90906
0.000       168.89202    0.0023446356       572.23315
0.000       172.91326    0.0024849203       650.83008
0.000       176.93450    0.0016811418       471.75026
0.000       180.95574    0.0022049579       661.89276
0.000       184.97698    0.0026276674       842.54612
0.000       188.99821    0.0015539517       531.47258
0.000       193.01945    0.0015243506       555.33923
0.000       197.04069   0.00086837343       336.54609
0.000       201.06193    0.0016965975       698.61616
0.000       205.08317    0.0017524998       765.80518
0.000       209.10441    0.0014012828       649.06115
0.000       213.12565   0.00070027377       343.43555
0.000       217.14688    0.0017351489       900.05245
0.000       221.16812    0.0017629946       966.24853
0.000       225.18936   0.00085042322       491.98173
0.000       229.21060   0.00094338217       575.52211
0.000       233.23184    0.0016154574       1038.3153
0.000       237.25308    0.0012357582       836.06360
0.000       241.27432    0.0010311857       733.73702
0.000       245.29555   0.00094458919       706.28871
0.000       249.31679   0.00096161494       754.96367
0.000       253.33803   0.00086446379       712.06271
0.000       257.35927    0.0012120449       1046.6667
0.000       265.40175   0.00033052865       313.03342
0.000       273.44422    0.0010836390       1122.4349
0.000       281.48670   0.00084146010       950.77430
0.000       289.52918  -0.00040181296      -494.05035
0.000       297.57166   0.00061445907       820.23426
0.000       305.61413   3.0967268e-05       44.780966
0.000       313.65661    0.0010216880       1597.1728
0.000       321.69909  -7.4928748e-05      -126.37705
0.000       329.74156   0.00024729545       449.16661
0.000       337.78404    0.0011361036       2218.2250
0.000       345.82652   0.00089267507       1870.4175
0.000       353.86900   9.8907408e-05       222.03765
0.000       361.91147    0.0011811072       2836.3944
0.000       369.95395   0.00047801430       1226.1798
0.000       377.99643   0.00065261808       1785.6340
0.000       386.03891   0.00012359324       360.21201
0.000       394.08138   5.8781801e-05       182.25141
0.000       402.12386   0.00031118027       1025.0896
0.000       410.16634  -0.00051167288      -1788.7214
0.000       418.20881   0.00029868947       1106.8014
0.000       426.25129   0.00082420713       3233.7300
0.000       434.29377  -0.00097250456      -4035.6426
0.000       442.33625  -0.00035248944      -1545.5176
0.000       450.37872   0.00018282251       846.12302
0.000       458.42120   0.00051736332       2524.9918
0.000       466.46368  -6.9405346e-05      -356.87545
0.000       474.50615  -0.00022352361      -1209.8157
0.000       482.54863  -9.4180484e-05      -536.11066
0.000       490.59111  -9.7967552e-06      -58.601878
0.000       498.63359   0.00053362990       3351.6217
0.000       506.67606   0.00038740755       2552.8747
0.000       514.71854  -0.00026970503      -1863.2397
