# z        k [h/Mpc]   P(k) [(Mpc/h)^3]    Delta^2(k)   
0.000     0.015707963       10428.342    0.0020476001
0.000     0.031415927       25455.396     0.039985242
0.000     0.047123890       12813.529     0.067930122
0.000     0.062831853       10446.411      0.13127348
0.000     0.078539816       7836.9043      0.19234657
0.000     0.094247780       6295.8872      0.26701802
0.000      0.10995574       5099.9518      0.34347101
0.000      0.12566371       4174.2325      0.41963962
0.000      0.14137167       3382.9246      0.48422782
0.000      0.15707963       3133.7317      0.61530678
0.000      0.17278760       2791.9069      0.72964041
0.000      0.18849556       2345.2225      0.79571524
0.000      0.20420352       2213.5905      0.95489856
0.000      0.21991149       1994.8520       1.0747926
0.000      0.23561945       1805.5393       1.1964943
0.000      0.25132741       1693.2412       1.3617854
0.000      0.26703538       1523.7789       1.4699367
0.000      0.28274334       1441.3532       1.6505087
0.000      0.29845130       1354.6580       1.8244012
0.000      0.31415927       1261.9587       1.9822801
0.000      0.32986723       1187.4429       2.1592380
0.000      0.34557519       1123.2897       2.3484955
0.000      0.36128316       1065.3887       2.5451975
0.000      0.37699112       1022.6252       2.7757485
0.000      0.39269908       967.27199       2.9675533
0.000      0.40840704       921.52433       3.1802169
0.000      0.42411501       894.43589       3.4567693
0.000      0.43982297       864.20505       3.7249529
0.000      0.45553093       800.67546       3.8342498
0.000      0.47123890       796.99542       4.2252215
0.000      0.48694686       743.92809       4.3515696
0.000      0.50265482       735.89719       4.7347491
0.000      0.51836279       711.74681       5.0222374
0.000      0.53407075       684.28100       5.2808171
0.000      0.54977871       647.56991       5.4515586
0.000      0.56548668       629.21129       5.7641317
0.000      0.58119464       634.83512       6.3138754
0.000      0.59690260       600.97292       6.4749375
0.000      0.61261057       599.45987       6.9820640
0.000      0.62831853       584.17142       7.3409146
0.000      0.64402649       564.24377       7.6356890
0.000      0.65973446       560.73327       8.1570680
0.000      0.67544242       545.19198       8.5110809
0.000      0.69115038       532.00671       8.8982587
0.000      0.70685835       515.93370       9.2312673
0.000      0.72256631       499.55703       9.5474734
0.000      0.73827427       486.30045       9.9135257
0.000      0.75398224       482.39664       10.475093
0.000      0.76969020       464.86671       10.738573
0.000      0.78539816       456.78380       11.211161
0.000      0.80110613       448.32382       11.677026
0.000      0.81681409       443.72243       12.250429
0.000      0.83252205       436.42791       12.757630
0.000      0.84823002       425.97500       13.170288
0.000      0.86393798       414.75738       13.549151
0.000      0.87964594       403.82363       13.924695
0.000      0.89535391       400.49140       14.562893
0.000      0.91106187       392.91924       15.052796
0.000      0.92676983       387.98628       15.645963
0.000      0.94247780       376.07117       15.949743
0.000      0.95818576       370.02454       16.491111
0.000      0.97389372       368.23567       17.231807
0.000      0.98960169       361.70607       17.758543
0.000       1.0053096       351.85067       18.110406
0.000       1.0367256       342.57253       19.338119
0.000       1.0681415       331.33072       20.455888
0.000       1.0995574       325.11125       21.895558
0.000       1.1309734       306.39577       22.454849
0.000       1.1623893       297.87450       23.700547
0.000       1.1938052       291.75866       25.147477
0.000       1.2252211       284.56516       26.515231
0.000       1.2566371       273.87738       27.533158
0.000       1.2880530       260.86019       28.240947
0.000       1.3194689       255.68873       29.756328
0.000       1.3508848       250.25164       31.253753
0.000       1.3823008       242.95521       32.509038
0.000       1.4137167       240.08573       34.365587
0.000       1.4451326       229.70904       35.121370
0.000       1.4765485       223.59185       36.464429
0.000       1.5079645       218.49913       37.957125
0.000       1.5393804       210.88674       38.972421
0.000       1.5707963       206.91092       40.626865
0.000       1.6022123       199.36162       41.540523
0.000       1.6336282       194.65039       42.991755
0.000       1.6650441       192.64453       45.050973
0.000       1.6964600       187.60881       46.403890
0.000       1.7278760       181.83222       47.520258
0.000       1.7592919       176.48835       48.685541
0.000       1.7907078       173.79637       50.557447
0.000       1.8221237       169.05844       51.813236
0.000       1.8535397       164.59618       53.100141
0.000       1.8849556       159.86117       54.239617
0.000       1.9163715       157.32685       56.093459
0.000       1.9477874       151.46690       56.703867
0.000       1.9792034       149.31630       58.647399
0.000       2.0106193       147.03470       60.545187
0.000       2.0734512       140.85616       63.610312
0.000       2.1362830       132.28433       65.336374
0.000       2.1991149       126.62521       68.223527
0.000       2.2619467       119.10356       69.830012
0.000       2.3247786       114.10029       72.627612
0.000       2.3876104       110.51873       76.207292
0.000       2.4504423       106.81130       79.619761
0.000       2.5132741       102.48743       82.425279
0.000       2.5761060       97.907508       84.796403
0.000       2.6389378       94.237300       87.736553
0.000       2.7017697       89.918914       89.839284
0.000       2.7646015       88.113634       94.321566
0.000       2.8274334       83.708029       95.854945
0.000       2.8902652       80.296635       98.215652
0.000       2.9530971       76.923076       100.35987
0.000       3.0159289       75.107536       104.37995
0.000       3.0787608       71.795394       106.14381
0.000       3.1415927       68.889858       108.21194
0.000       3.2044245       66.884617       111.49275
0.000       3.2672564       64.803787       114.50390
0.000       3.3300882       62.791387       117.47286
0.000       3.3929201       60.910576       120.52686
0.000       3.4557519       57.945868       121.14916
0.000       3.5185838       56.509467       124.70824
0.000       3.5814156       54.232181       126.20934
0.000       3.6442475       52.955544       129.83904
0.000       3.7070793       51.422857       132.71564
0.000       3.7699112       49.402871       134.09599
0.000       3.8327430       48.271059       137.68486
0.000       3.8955749       46.911046       140.49474
0.000       3.9584067       45.294674       142.32417
0.000       4.0212386       44.427600       146.35334
0.000       4.1469023       41.156318       148.68878
0.000       4.2725660       40.295229       159.21729
0.000       4.3982297       37.612983       162.12193
0.000       4.5238934       35.051711       164.40559
0.000       4.6495571       33.875419       172.50024
0.000       4.7752208       31.319028       172.76625
0.000       4.9008845       30.244059       180.35731
0.000       5.0265482       28.443680       183.00612
0.000       5.1522120       27.421920       189.99811
0.000       5.2778757       25.868434       192.67167
0.000       5.4035394       24.959645       199.50033
0.000       5.5292031       23.830515       204.07571
0.000       5.6548668       23.138931       211.97306
0.000       5.7805305       22.036401       215.63240
0.000       5.9061942       21.258100       221.87985
0.000       6.0318579       19.882631       221.05351
0.000       6.1575216       19.430313       229.80945
0.000       6.2831853       18.904286       237.55826
0.000       6.4088490       17.936181       239.18854
0.000       6.5345127       17.273066       244.16270
0.000       6.6601764       16.710978       250.10900
0.000       6.7858401       16.323460       258.40050
0.000       6.9115038       15.656879       261.87444
0.000       7.0371675       14.885491       262.80104
0.000       7.1628313       14.547695       270.84361
0.000       7.2884950       14.146918       277.48894
0.000       7.4141587       13.453988       277.78381
0.000       7.5398224       13.119016       284.87534
0.000       7.6654861       12.837356       292.93072
0.000       7.7911498       12.274463       294.08807
0.000       7.9168135       11.847263       297.81016
0.000       8.0424772       11.469957       302.27454
0.000       8.2938046       10.844890       313.44171
0.000       8.5451320       10.258215       324.26375
0.000       8.7964594       9.6259402       331.92284
0.000       9.0477868       9.0716287       340.39456
0.000       9.2991143       8.7517625       356.52545
0.000       9.5504417       8.2430957       363.77342
0.000       9.8017691       7.7580459       370.11442
0.000       10.053096       7.3873941       380.24287
0.000       10.304424       7.1203647       394.67866
0.000       10.555751       6.6333700       395.25005
0.000       10.807079       6.2577282       400.13994
0.000       11.058406       6.0891486       417.16171
0.000       11.309734       5.8751811       430.57483
0.000       11.561061       5.6179075       439.78247
0.000       11.812388       5.2836412       441.18093
0.000       12.063716       5.1652367       459.41352
0.000       12.315043       4.9445658       467.84958
0.000       12.566371       4.7162777       474.13195
0.000       12.817698       4.6013208       490.88853
0.000       13.069025       4.3630073       493.38484
0.000       13.320353       4.2102263       504.10718
0.000       13.571680       4.1266160       522.59491
0.000       13.823008       3.9348035       526.50312
0.000       14.074335       3.7475910       529.30513
0.000       14.325663       3.6248713       539.89213
0.000       14.576990       3.5398297       555.46435
0.000       14.828317       3.3850740       559.13161
0.000       15.079645       3.2697732       568.01686
0.000       15.330972       3.1651338       577.79186
0.000       15.582300       3.0707408       588.58347
0.000       15.833627       2.9745550       598.18221
0.000       16.084954       2.9255509       616.79012
0.000       16.587609       2.7474180       635.25250
0.000       17.090264       2.5630868       648.15651
0.000       17.592919       2.4068022       663.93315
0.000       18.095574       2.2584448       677.94866
0.000       18.598229       2.1613209       704.37551
0.000       19.100883       2.0969307       740.31183
0.000       19.603538       1.9726625       752.88115
0.000       20.106193       1.8606774       766.18012
0.000       20.608848       1.7498296       775.93822
0.000       21.111503       1.6753593       798.61167
0.000       21.614157       1.6180293       827.69738
0.000       22.116812       1.5325264       839.93528
0.000       22.619467       1.4796271       867.50034
0.000       23.122122       1.4126771       884.70043
0.000       23.624777       1.3444106       898.05995
0.000       24.127432       1.2991410       924.39977
0.000       24.630086       1.2502210       946.35668
0.000       25.132741       1.2045897       968.78851
0.000       25.635396       1.1755974       1003.3420
0.000       26.138051       1.1178783       1011.3102
0.000       26.640706       1.0871276       1041.3290
0.000       27.143361       1.0462295       1059.9565
0.000       27.646015       1.0011302       1071.6635
0.000       28.148670      0.96723217       1092.8854
0.000       28.651325      0.93941999       1119.3456
0.000       29.153980      0.91941426       1154.1840
0.000       29.656635      0.89000110       1176.0517
0.000       30.159289      0.85697840       1190.9772
0.000       30.661944      0.83200233       1215.0492
0.000       31.164599      0.79927543       1225.6074
0.000       31.667254      0.77148525       1241.1638
0.000       32.169909      0.75544371       1274.1538
0.000       33.175218      0.70649238       1306.8301
0.000       34.180528      0.66450776       1344.3323
0.000       35.185838      0.63066770       1391.7926
0.000       36.191147      0.60470637       1452.1847
0.000       37.196457      0.57880111       1509.0525
0.000       38.201767      0.54779973       1547.1856
0.000       39.207076      0.53320542       1628.0142
0.000       40.212386      0.49797961       1640.4438
0.000       41.217696      0.48681978       1726.9891
0.000       42.223005      0.45974446       1753.2110
0.000       43.228315      0.43992157       1800.3230
0.000       44.233625      0.42169561       1848.9575
0.000       45.238934      0.41605583       1951.4569
0.000       46.244244      0.38891731       1948.5008
0.000       47.249554      0.37862186       2023.3409
0.000       48.254863      0.37298278       2123.1580
0.000       49.260173      0.35927631       2175.6380
0.000       50.265482      0.34334837       2209.0971
0.000       51.270792      0.33160711       2264.1447
0.000       52.276102      0.31852780       2305.2986
0.000       53.281411      0.31132064       2385.6423
0.000       54.286721      0.29858190       2419.9955
0.000       55.292031      0.29225078       2502.7275
0.000       56.297340      0.28722226       2596.2827
0.000       57.302650      0.27843208       2654.0778
0.000       58.307960      0.26384255       2649.7118
0.000       59.313269      0.26059436       2754.8050
0.000       60.318579      0.25317349       2814.7627
0.000       61.323889      0.24763023       2893.0968
0.000       62.329198      0.24040153       2949.0499
0.000       63.334508      0.23532185       3028.6822
0.000       64.339818      0.22468692       3031.7091
0.000       66.350437      0.21710434       3212.6997
0.000       68.361056      0.20911299       3384.3679
0.000       70.371675      0.19962121       3524.2817
0.000       72.382295      0.18631859       3579.5092
0.000       74.392914      0.18137904       3783.1370
0.000       76.403533      0.17356748       3921.7413
0.000       78.414153      0.16330225       3988.8325
0.000       80.424772      0.15833488       4172.6925
0.000       82.435391      0.15356147       4358.0642
0.000       84.446011      0.14788468       4511.6027
0.000       86.456630      0.14395090       4712.8060
0.000       88.467249      0.13720750       4812.7764
0.000       90.477868      0.13190007       4949.2839
0.000       92.488488      0.12617191       5057.0350
0.000       94.499107      0.12320300       5267.1375
0.000       96.509726      0.12031778       5479.1515
0.000       98.520346      0.11756168       5695.2635
0.000       100.53096      0.11288633       5810.4686
0.000       102.54158      0.11067338       6045.2391
0.000       104.55220      0.10667921       6176.6019
0.000       106.56282      0.10148753       6221.5716
0.000       108.57344     0.097865477       6345.5693
0.000       110.58406     0.096181433       6589.2975
0.000       112.59468     0.093349192       6750.4767
0.000       114.60530     0.090353675       6890.1739
0.000       116.61592     0.089652019       7202.8414
0.000       118.62654     0.087333297       7385.7685
0.000       120.63716     0.083674273       7442.2713
0.000       122.64778     0.083008885       7758.4307
0.000       124.65840     0.080639313       7913.7383
0.000       126.66902     0.078334559       8065.5660
0.000       128.67964     0.077106877       8323.2480
0.000       132.70087     0.072473488       8579.6736
0.000       136.72211     0.071101834       9205.9231
0.000       140.74335     0.066530876       9396.7389
0.000       144.76459     0.063680116       9787.2603
0.000       148.78583     0.061119857       10198.523
0.000       152.80707     0.058518227       10577.712
0.000       156.82831     0.055006440       10748.730
0.000       160.84954     0.054350479       11458.642
0.000       164.87078     0.051625630       11721.055
0.000       168.89202     0.048845963       11921.375
0.000       172.91326     0.046037441       12057.752
0.000       176.93450     0.044166718       12393.756
0.000       180.95574     0.043731849       13127.595
0.000       184.97698     0.041932461       13445.397
0.000       188.99821     0.040699649       13919.833
0.000       193.01945     0.038642626       14077.973
0.000       197.04069     0.037224500       14426.697
0.000       201.06193     0.036739575       15128.432
0.000       205.08317     0.034819242       15215.269
0.000       209.10441     0.033701674       15610.302
0.000       213.12565     0.032319535       15850.483
0.000       217.14688     0.031268244       16219.391
0.000       221.16812     0.031375699       17196.151
0.000       225.18936     0.029759479       17216.275
0.000       229.21060     0.028637576       17470.712
0.000       233.23184     0.028043014       18024.302
0.000       237.25308     0.026708108       18069.617
0.000       241.27432     0.025488535       18136.288
0.000       245.29555     0.024988069       18684.091
0.000       249.31679     0.025231804       19809.484
0.000       253.33803     0.023647058       19478.188
0.000       257.35927     0.022873721       19752.703
0.000       265.40175     0.022812920       21605.408
0.000       273.44422     0.020510543       21244.851
0.000       281.48670     0.019729908       22293.023
0.000       289.52918     0.017684572       21744.120
0.000       297.57166     0.018201265       24296.657
0.000       305.61413     0.016439405       23772.599
0.000       313.65661     0.015281847       23889.631
0.000       321.69909     0.014258663       24049.085
0.000       329.74156     0.012483183       22673.401
0.000       337.78404     0.011906943       23248.124
0.000       345.82652     0.011780930       24684.521
0.000       353.86900     0.010713981       24051.861
0.000       361.91147     0.010225342       24555.862
0.000       369.95395    0.0099251475       25459.521
0.000       377.99643    0.0099816553       27310.894
0.000       386.03891    0.0091465272       26657.518
0.000       394.08138    0.0091986301       28520.108
0.000       402.12386    0.0083177282       27400.249
0.000       410.16634    0.0075772539       26488.791
0.000       418.20881    0.0074956737       27775.410
0.000       426.25129    0.0070515954       27666.535
0.000       434.29377    0.0067263677       27912.688
0.000       442.33625    0.0062934401       27594.081
0.000       450.37872    0.0067766941       31363.299
0.000       458.42120    0.0065641155       32036.168
0.000       466.46368    0.0050560703       25997.816
0.000       474.50615    0.0052468023       28398.180
0.000       482.54863    0.0048560778       27642.617
0.000       490.59111    0.0053595335       32059.465
0.000       498.63359    0.0046962719       29496.336
0.000       506.67606    0.0045233789       29807.420
0.000       514.71854    0.0041519017       28683.144
