7.258337272762770031e-08
8.967788518784296015e-08
1.040895156118019206e-07
1.165448375893574183e-07
1.273026201706394291e-07
1.365805487131079314e-07
1.446915092918506037e-07
1.519444353069455928e-07
1.585106062753454593e-07
1.644326533459082041e-07
1.697115240335392209e-07
1.743801306150243220e-07
1.785199181613157110e-07
1.822227771862696539e-07
1.855596526444714867e-07
1.885659448200770282e-07
1.912661053942938607e-07
1.936807793121798075e-07
1.958353641674132594e-07
1.977573916910223997e-07
1.994641021919050200e-07
2.009658978734974309e-07
2.022672668515240278e-07
2.033767738984308328e-07
2.043135515157431396e-07
2.050995411986979213e-07
2.057541256392659900e-07
2.062907757508267418e-07
2.067205066784378121e-07
2.070518344163082498e-07
2.072918588288906285e-07
2.074430446974306640e-07
2.075074722075466813e-07
2.074872409482789352e-07
2.073848487228685630e-07
2.072036896162160097e-07
2.069490171574071944e-07
2.066278344892968893e-07
2.062480296555438459e-07
2.058167738959731012e-07
2.053390985650441595e-07
2.048196414511369459e-07
2.042611846702276152e-07
2.036675080592122449e-07
2.030407209792487170e-07
2.023819743025985800e-07
2.016926509762205123e-07
2.009728656946722299e-07
2.002236787653232556e-07
1.994469027879480724e-07
1.986443917938141624e-07
1.978180442274201729e-07
1.969697646460166636e-07
1.961016980376898239e-07
1.952155143104117967e-07
1.943123194903106784e-07
1.933938976372862430e-07
1.924622628869037582e-07
1.915189912587582452e-07
1.905654313922892420e-07
1.896030275007626483e-07
1.886334474449123928e-07
1.876577823800307569e-07
1.866762667666851842e-07
1.856890629900837915e-07
1.846970729061342469e-07
1.837009256322309017e-07
1.827006490321735009e-07
1.816963097526468455e-07
1.806881787496973673e-07
1.796766002847311639e-07
1.786617213967854198e-07
1.776438363433947137e-07
1.766236249372639986e-07
1.756018533059159106e-07
1.745793106621743897e-07
1.735569724443157660e-07
1.725358111092944676e-07
1.715165731881668069e-07
1.704998257846639776e-07
1.694859551031572395e-07
1.684751812359391742e-07
1.674677702950241834e-07
1.664638854322590520e-07
1.654636192338578553e-07
1.644669100733655774e-07
1.634737541853088451e-07
1.624843749093035747e-07
1.614989655610260137e-07
1.605175489056446725e-07
1.595400718246693491e-07
1.585664650546369714e-07
1.575968375917033316e-07
1.566314696460347573e-07
1.556704275374987368e-07
1.547137251440327116e-07
1.537615109018929618e-07
1.528140519182824810e-07
1.518716287217573291e-07
1.509345054232818709e-07
1.500028780749942630e-07
1.490769268943629265e-07
1.481568228533538882e-07
1.472427301952403436e-07
1.463347857082311214e-07
1.454330405418308717e-07
1.445374506886457638e-07
1.436479953659992559e-07
1.427647285850472854e-07
1.418876900948075178e-07
1.410168896073474972e-07
1.401522642710628000e-07
1.392936806906088388e-07
1.384410408839808965e-07
1.375943170787300113e-07
1.367535000055380810e-07
1.359186081282030375e-07
1.350896563004672796e-07
1.342666550170021082e-07
1.334495658265940464e-07
1.326383301273792289e-07
1.318328959624271867e-07
1.310332445884540555e-07
1.302394713261764469e-07
1.294517094597232311e-07
1.286699872789441284e-07
1.278942935909115958e-07
1.271245966678201105e-07
1.263608536311401823e-07
1.256030021573458433e-07
1.248510403531383029e-07
1.241050482968165978e-07
1.233651170239868290e-07
1.226312878955689578e-07
1.219035629086786058e-07
1.211819269016071236e-07
1.204663410439873815e-07
1.197567479302414542e-07
1.190530860914399413e-07
1.183552965534989519e-07
1.176633091858503134e-07
1.169770349333060919e-07
1.162963770212223996e-07
1.156212094990883203e-07
1.149514137937778789e-07
1.142869120830077545e-07
1.136276567466559692e-07
1.129736250533660197e-07
1.123247856947193992e-07
1.116810711116718034e-07
1.110424131101308651e-07
1.104087699752015809e-07
1.097801730057066064e-07
1.091566652369592455e-07
1.085383026696082372e-07
1.079251322578370915e-07
1.073171466192704937e-07
1.067142979674338936e-07
1.061165421344381340e-07
1.055238572074959768e-07
1.049362359680472867e-07
1.043536465872728592e-07
1.037760222103996516e-07
1.032033145752488358e-07
1.026354923051099135e-07
1.020725184911369555e-07
1.015143137922124741e-07
1.009607658727998825e-07
1.004117856395922627e-07
9.986730876857631778e-08
9.932729088084799120e-08
9.879169142705554230e-08
9.826045354329459195e-08
9.773352478681198910e-08
9.721087736561825112e-08
9.669247574092320336e-08
9.617829537926928640e-08
9.566832516934750341e-08
9.516252658938674451e-08
9.466085522814830434e-08
9.416326295850532033e-08
9.366969664532087858e-08
9.318009605041945958e-08
9.269440774311002838e-08
9.221260186336690739e-08
9.173467733757521393e-08
9.126065049623157871e-08
9.079053325165932077e-08
9.032430233933780233e-08
8.986191993245999018e-08
8.940334391526754919e-08
8.894851672809055836e-08
8.849737535084966138e-08
8.804985753474902063e-08
8.760591263602311253e-08
8.716549756733803877e-08
8.672858764445579911e-08
8.629516546969252351e-08
8.586522828799071385e-08
8.543878003146986568e-08
8.501580225012875800e-08
8.459625531020485006e-08
8.418008136757961496e-08
8.376721376433961209e-08
8.335758466837077332e-08
8.295114732422048534e-08
8.254787736708128513e-08
8.214775088402730496e-08
8.175073990747254129e-08
8.135681681402182281e-08
8.096595458913086060e-08
8.057812217024155332e-08
8.019328007117278256e-08
7.981138449903633220e-08
7.943238569942637840e-08
7.905623803883976247e-08
7.868290573335751595e-08
7.831236596915373112e-08
7.794461440208480979e-08
7.757964382809387210e-08
7.721743199541150465e-08
7.685795955776253609e-08
7.650120263337600283e-08
7.614712828585518479e-08
7.579570718611221839e-08
7.544690342989430687e-08
7.510068057373957589e-08
7.475701003688313205e-08
7.441587698425736323e-08
7.407726955906669816e-08
7.374117811813057204e-08
7.340759158651596353e-08
7.307649931372223223e-08
7.274788595842802733e-08
7.242172093260324803e-08
7.209797063917511039e-08
7.177660352805928898e-08
7.145758682881366303e-08
7.114087995215178680e-08
7.082644375982903325e-08
7.051424545033863944e-08
7.020425742173541849e-08
6.989645444505923311e-08
6.959082168057623286e-08
6.928734199228612403e-08
6.898598743859144882e-08
6.868673538423029455e-08
6.838956910907963624e-08
6.809447777557335412e-08
6.780145043404205306e-08
6.751047337780530392e-08
6.722151839825205158e-08
6.693455394716870907e-08
6.664955123997996218e-08
6.636648326473444866e-08
6.608532536985329702e-08
6.580605777742378833e-08
6.552866279678820563e-08
6.525312277530208245e-08
6.497942132048946826e-08
6.470754097594580159e-08
6.443746848746371586e-08
6.416918773303186860e-08
6.390267893975339208e-08
6.363792474332385388e-08
6.337491179679815430e-08
6.311363145123675515e-08
6.285407255197304150e-08
6.259622190070527710e-08
6.234006454407753995e-08
6.208558466660786598e-08
6.183276625399611050e-08
6.158159439103388317e-08
6.133205621052323717e-08
6.108414115936787411e-08
6.083783718454540703e-08
6.059312724732034878e-08
6.034999083205404098e-08
6.010840730441053077e-08
5.986835584407188664e-08
5.962981712032994699e-08
5.939277549487177212e-08
5.915721238608696087e-08
5.892311043835314866e-08
5.869045430134024006e-08
5.845922690009505506e-08
5.822940917945068579e-08
5.800098960766300221e-08
5.777396028584279452e-08
5.754831174968739802e-08
5.732403150580593384e-08
5.710110776401693615e-08
5.687952949058808523e-08
5.665928320498897338e-08
5.644035664087375255e-08
5.622274038566386469e-08
5.600642788254383659e-08
5.579140899296119040e-08
5.557766662875614590e-08
5.536518156398681741e-08
5.515393240480731932e-08
5.494389733898010637e-08
5.473505765474187849e-08
5.452739973090250073e-08
5.432091985819558202e-08
5.411561976008893999e-08
5.391149910880063667e-08
5.370855418822327234e-08
5.350677982431172816e-08
5.330617016590671112e-08
5.310671864680371869e-08
5.290841904067381166e-08
5.271126371706592816e-08
5.251524228136674445e-08
5.232033863334617179e-08
5.212653552206353076e-08
5.193381952900949613e-08
5.174217832104083769e-08
5.155160117692656700e-08
5.136207881578516596e-08
5.117360299955209297e-08
5.098616556927625278e-08
5.079975842738964483e-08
5.061437212946314139e-08
5.042999350511782453e-08
5.024660833389158064e-08
5.006420648500968618e-08
4.988278212608350189e-08
4.970233226632384508e-08
4.952285431612164197e-08
4.934434449482216763e-08
4.916679894432520424e-08
4.899021324069658377e-08
4.881458156724746237e-08
4.863989284566148455e-08
4.846613406291224228e-08
4.829329301886032527e-08
4.812135797891243272e-08
4.795031580896955016e-08
4.778015405395111952e-08
4.761086273211120717e-08
4.744243454971823015e-08
4.727486565371829513e-08
4.710815257150841202e-08
4.694229112485904344e-08
4.677727398952836054e-08
4.661309105751177799e-08
4.644973277072684894e-08
4.628719184366160475e-08
4.612546212227448613e-08
4.596453692324119567e-08
4.580441290533147551e-08
4.564508861524607148e-08
4.548656291825691860e-08
4.532883639985458421e-08
4.517191151313071039e-08
4.501578841185176732e-08
4.486046282549084243e-08
4.470593002188616763e-08
4.455218572982357560e-08
4.439922555344019883e-08
4.424704143810651250e-08
4.409562140799765366e-08
4.394495259493124454e-08
4.379502222243286677e-08
4.364581817606378609e-08
4.349732905391615972e-08
4.334954364872330828e-08
4.320245202326277769e-08
4.305604789617694882e-08
4.291033039755305866e-08
4.276530156097292020e-08
4.262096418825756914e-08
4.247732133077101486e-08
4.233437428267903547e-08
4.219212257516956756e-08
4.205056432473011510e-08
4.190969385605338573e-08
4.176950399194014090e-08
4.162998703342147367e-08
4.149113692488399138e-08
4.135294740756723309e-08
4.121541209433860001e-08
4.107852584147114122e-08
4.094228319834207980e-08
4.080667796648387174e-08
4.067170396728161875e-08
4.053735498811112327e-08
4.040362530820903009e-08
4.027050981920815589e-08
4.013800282528595119e-08
4.000609870696005424e-08
3.987479276493845238e-08
3.974408093675266963e-08
3.961395953285261479e-08
3.948442507108096465e-08
3.935547535929479943e-08
3.922710997390292793e-08
3.909932895130066844e-08
3.897213223313127580e-08
3.884551960015944233e-08
3.871948953326342690e-08
3.859404082979083809e-08
3.846917203529125764e-08
3.834487996654041026e-08
3.822115958195758927e-08
3.809800517491586349e-08
3.797541245197046750e-08
3.785337596932302988e-08
3.773188888058298329e-08
3.761094492622568429e-08
3.749053890982891235e-08
3.737066582749273097e-08
3.725132116327054408e-08
3.713250219080379226e-08
3.701420766807786085e-08
3.689643635312903659e-08
3.677918706790555741e-08
3.666245881765861367e-08
3.654625106735196287e-08
3.643056314902657980e-08
3.631539414866196291e-08
3.620074231339635871e-08
3.608660487698442631e-08
3.597297762078911349e-08
3.585985573623293297e-08
3.574723431590836003e-08
3.563510868931851852e-08
3.552347415310721923e-08
3.541232572718243142e-08
3.530165907720559190e-08
3.519147109950994864e-08
3.508175922781069769e-08
3.497252158270410132e-08
3.486375614999149119e-08
3.475545999365171000e-08
3.464763070891284466e-08
3.454026662032149090e-08
3.443336682685870585e-08
3.432692994489055195e-08
3.422095290454627635e-08
3.411543242209461317e-08
3.401036612065977949e-08
3.390575305360508558e-08
3.380159330463378465e-08
3.369788622817978875e-08
3.359462853018812165e-08
3.349181694722356508e-08
3.338944876328117421e-08
3.328752181872737217e-08
3.318603363595007771e-08
3.308498162830605659e-08
3.298436345902967261e-08
3.288417654896459591e-08
3.278441771345925436e-08
3.268508256601933545e-08
3.258616753475273303e-08
3.248766965532339450e-08
3.238958616693030310e-08
3.229191437919818910e-08
3.219465187870228098e-08
3.209779728483737292e-08
3.200135048247997453e-08
3.190531191061442660e-08
3.180968255896405258e-08
3.171446315752725741e-08
3.161965464139728640e-08
3.152525769273638524e-08
3.143127122071419645e-08
3.133769322124139651e-08
3.124452088815705731e-08
3.115175023565400208e-08
3.105937706008171930e-08
3.096739729833967435e-08
3.087580665792785458e-08
3.078460097816874081e-08
3.069377613824327935e-08
3.060332784873457141e-08
3.051325219118425412e-08
3.042354647481222232e-08
3.033420867630176931e-08
3.024523811911005125e-08
3.015663490051352140e-08
3.006839925326083931e-08
2.998053137699569864e-08
2.989303133867799280e-08
2.980589900821972675e-08
2.971913396884622018e-08
2.963273497692189876e-08
2.954670000282418996e-08
2.946102588204477911e-08
2.937570914929522911e-08
2.929074679704675285e-08
2.920613661650532451e-08
2.912187759967349362e-08
2.903796950941175719e-08
2.895441228720203342e-08
2.887120611126389585e-08
2.878835115857640516e-08
2.870584687570549854e-08
2.862369237955377275e-08
2.854188624770069867e-08
2.846042505461134207e-08
2.837930455027816348e-08
2.829852051388703089e-08
2.821806904632423895e-08
2.813794699993085089e-08
2.805815172147510679e-08
2.797868072454975879e-08
2.789953191339029357e-08
2.782070389643299340e-08
2.774219608178097561e-08
2.766400793605279567e-08
2.758613880396484300e-08
2.750858808881656221e-08
2.743135515541186140e-08
2.735443905442631604e-08
2.727783875812798773e-08
2.720155338308818739e-08
2.712558209952601720e-08
2.704992400725012850e-08
2.697457822561927205e-08
2.689954413039973579e-08
2.682482140304272396e-08
2.675040957897628112e-08
2.667630773286071988e-08
2.660251485004726022e-08
2.652902976797241877e-08
2.645585108833798683e-08
2.638297718759714280e-08
2.631040609513934189e-08
2.623813570039984092e-08
2.616616397635219356e-08
2.609448918066646209e-08
2.602310934123017335e-08
2.595202188529089410e-08
2.588122408982680566e-08
2.581071332486983849e-08
2.574048716442278715e-08
2.567054366733001914e-08
2.560088103106201558e-08
2.553149722043741456e-08
2.546239016777048431e-08
2.539355864657133111e-08
2.532500217194191203e-08
2.525672047827400296e-08
2.518871339568437977e-08
2.512098077265481607e-08
2.505352221360847147e-08
2.498633715826858373e-08
2.491942492513619682e-08
2.485278452814510826e-08
2.478641482771573953e-08
2.472031445691783470e-08
2.465448183748577891e-08
2.458891579199079293e-08
2.452361545547955451e-08
2.445857977436437173e-08
2.439380747828033793e-08
2.432929771139121302e-08
2.426504997911717887e-08
2.420106382426798026e-08
2.413733867252738975e-08
2.407387350880823482e-08
2.401066721336471632e-08
2.394771840981126535e-08
2.388502550482896956e-08
2.382258696602066949e-08
2.376040076040311328e-08
2.369846462036987254e-08
2.363677655083365834e-08
2.357533486011889650e-08
2.351413774888122968e-08
2.345318341982901536e-08
2.339247009358858388e-08
2.333199644129685205e-08
2.327176154733515573e-08
2.321176453023742421e-08
2.315200459743825731e-08
2.309248086094080810e-08
2.303319216680464669e-08
2.297413747514287545e-08
2.291531582463163718e-08
2.285672650855990118e-08
2.279836889887736721e-08
2.274024209340939865e-08
2.268234489422869136e-08
2.262467614252866410e-08
2.256723502031913090e-08
2.251002085793572786e-08
2.245303302875455160e-08
2.239627098067610255e-08
2.233973447309698283e-08
2.228342332574878849e-08
2.222733732423421921e-08
2.217147613155312710e-08
2.211583908882554859e-08
2.206042522536993732e-08
2.200523348850594240e-08
2.195026285833235898e-08
2.189551211830455203e-08
2.184097981349593511e-08
2.178666411643637881e-08
2.173256280149520147e-08
2.167867347927248033e-08
2.162499381131325139e-08
2.157152166593704079e-08
2.151825527811861922e-08
2.146519333905401348e-08
2.141233482453995163e-08
2.135967891248904014e-08
2.130722489314619390e-08
2.125497226008784410e-08
2.120292033706968299e-08
2.115106830442055795e-08
2.109941538494440223e-08
2.104796088886860077e-08
2.099670386739937865e-08
2.094564353370882254e-08
2.089477939009168849e-08
2.084411101160428542e-08
2.079363804180508400e-08
2.074336009282990895e-08
2.069327661917034172e-08
2.064338680341173539e-08
2.059368975028562399e-08
2.054418452447936081e-08
2.049487005889994556e-08
2.044574515016927811e-08
2.039680873095862823e-08
2.034805982306643811e-08
2.029949751174780443e-08
2.025112110932978771e-08
2.020293013402112618e-08
2.015492413533875862e-08
2.010710266938216172e-08
2.005946522223906564e-08
2.001201119826567131e-08
1.996473962756906969e-08
1.991764941636703648e-08
1.987073948848757923e-08
1.982400859887783897e-08
1.977745543693314973e-08
1.973107858743115110e-08
1.968487654223259879e-08
1.963884790862973464e-08
1.959299141066218213e-08
1.954730581257770586e-08
1.950179002883649629e-08
1.945644290308189253e-08
1.941126329664126005e-08
1.936625008909805548e-08
1.932140224981040833e-08
1.927671881843906439e-08
1.923219893611279175e-08
1.918784191782053135e-08
1.914364741812774518e-08
1.909961536893118433e-08
1.905574584030207288e-08
1.901203878643108564e-08
1.896849377581318935e-08
1.892511024353729276e-08
1.888188763134682045e-08
1.883882538217905354e-08
1.879592285755182589e-08
1.875317919156544455e-08
1.871059370058400848e-08
1.866816581140616425e-08
1.862589479231147238e-08
1.858377951939529131e-08
1.854181891051112471e-08
1.850001217543039403e-08
1.845835853855188639e-08
1.841685726104534973e-08
1.837550773215192358e-08
1.833430918360559448e-08
1.829326062692293969e-08
1.825236099161565382e-08
1.821160916124114452e-08
1.817100400447183005e-08
1.813054448637432435e-08
1.809022965095612130e-08
1.805005855125834765e-08
1.801003028504481791e-08
1.797014421124066761e-08
1.793039998403580216e-08
1.789079726187052180e-08
1.785133569724864671e-08
1.781201492624977014e-08
1.777283456121293854e-08
1.773379405252771824e-08
1.769489252163258730e-08
1.765612894776077906e-08
1.761750241536213648e-08
1.757901200796558582e-08
1.754065688108425827e-08
1.750243623529772927e-08
1.746434918696168360e-08
1.742639499008018227e-08
1.738857299588428736e-08
1.735088250645662933e-08
1.731332277164044150e-08
1.727589295639181329e-08
1.723859243906907588e-08
1.720142081668329802e-08
1.716437777449434443e-08
1.712746300154599771e-08
1.709067598790652011e-08
1.705401617829748089e-08
1.701748313998496742e-08
1.698107661050290704e-08
1.694479651071564525e-08
1.690864281739772721e-08
1.687261503483545217e-08
1.683671230911169200e-08
1.680093372550336107e-08
1.676527840529753693e-08
1.672974550423976868e-08
1.669433418866393419e-08
1.665904363838416934e-08
1.662387309274252385e-08
1.658882181166625422e-08
1.655388910150535614e-08
1.651907441656579834e-08
1.648437718390233574e-08
1.644979673137674878e-08
1.641533235992370332e-08
1.638098338332990612e-08
1.634674910824319742e-08
1.631262883610150310e-08
1.627862193316296112e-08
1.624472785787880697e-08
1.621094604915726728e-08
1.617727589153785975e-08
1.614371680822901563e-08
1.611026820996940520e-08
1.607692935647912254e-08
1.604369949229897142e-08
1.601057785236650633e-08
1.597756370150210780e-08
1.594465655516870130e-08
1.591185614532604915e-08
1.587916233464865685e-08
1.584657503511173225e-08
1.581409410354390354e-08
1.578171932492547657e-08
1.574945046767085405e-08
1.571728730436275071e-08
1.568522959732857213e-08
1.565327706279550246e-08
1.562142934854529215e-08
1.558968591334802836e-08
1.555804617577582477e-08
1.552650941753461742e-08
1.549507488174772361e-08
1.546374178053156887e-08
1.543250932823255182e-08
1.540137673549642712e-08
1.537034316060741413e-08
1.533940775705249825e-08
1.530856983300212100e-08
1.527782901083762573e-08
1.524718490742502318e-08
1.521663714180076989e-08
1.518618533745957446e-08
1.515582914882188089e-08
1.512556826736784952e-08
1.509540240020636806e-08
1.506533125437826379e-08
1.503535450107140153e-08
1.500547169821929605e-08
1.497568222478135095e-08
1.494598542787436432e-08
1.491638072847172538e-08
1.488686757401647393e-08
1.485744535025914657e-08
1.482811345938957969e-08
1.479887145014182037e-08
1.476971903033322823e-08
1.474065596690583774e-08
1.471168204460351012e-08
1.468279705339737522e-08
1.465400079173383887e-08
1.462529305463319268e-08
1.459667365387364973e-08
1.456814238714562243e-08
1.453969897664048386e-08
1.451134310098237481e-08
1.448307421154449846e-08
1.445489168153469295e-08
1.442679485753123863e-08
1.439878305332431969e-08
1.437085558867037556e-08
1.434301184351755537e-08
1.431525120201967741e-08
1.428757309611129311e-08
1.425997697106359189e-08
1.423246228171687303e-08
1.420502858858820601e-08
1.417767570555766986e-08
1.415040347876990059e-08
1.412321173819843616e-08
1.409610032753221187e-08
1.406906909741222730e-08
1.404211792092088708e-08
1.401524661704517913e-08
1.398845503874984527e-08
1.396174307837382649e-08
1.393511060206740648e-08
1.390855730813820670e-08
1.388208278631685582e-08
1.385568655800136303e-08
1.382936804970780339e-08
1.380312665988668049e-08
1.377696186012426235e-08
1.375087321545342737e-08
1.372486030062976134e-08
1.369892264404260232e-08
1.367305973471002407e-08
1.364727108238686317e-08
1.362155629763457314e-08
1.359591506179955939e-08
1.357034716554737485e-08
1.354485242616649958e-08
1.351943066386036337e-08
1.349408163776194091e-08
1.346880497572731840e-08
1.344360035447515495e-08
1.341846756898245744e-08
1.339340644988795764e-08
1.336841678919552881e-08
1.334349827775854018e-08
1.331865050334212014e-08
1.329387303365794009e-08
1.326916545169386592e-08
1.324452738472055337e-08
1.321995845560761396e-08
1.319545832713698072e-08
1.317102670909528050e-08
1.314666333919959994e-08
1.312236791289732711e-08
1.309814017943431061e-08
1.307397998239271162e-08
1.304988717587867698e-08
1.302586161277348766e-08
1.300190316248976645e-08
1.297801169411379854e-08
1.295418705967379186e-08
1.293042901511089580e-08
1.290673721843211188e-08
1.288311131240039959e-08
1.285955097803046987e-08
1.283605588469979527e-08
1.281262565055497294e-08
1.278925989652359451e-08
1.276595825063463023e-08
1.274272035063364323e-08
1.271954583788281888e-08
1.269643433110509243e-08
1.267338548718399862e-08
1.265039899466288734e-08
1.262747456788256561e-08
1.260461206700644358e-08
1.258181146397220556e-08
1.255907266276109166e-08
1.253639553993056340e-08
1.251378000605410324e-08
1.249122599336014022e-08
1.246873344783953088e-08
1.244630232057275094e-08
1.242393241429117221e-08
1.240162341027231418e-08
1.237937497484606951e-08
1.235718671983297473e-08
1.233505822115111212e-08
1.231298908473354533e-08
1.229097894879401343e-08
1.226902744580588678e-08
1.224713420413418270e-08
1.222529884107156509e-08
1.220352094523852004e-08
1.218180017082954882e-08
1.216013630507679765e-08
1.213852917039026018e-08
1.211697861577095115e-08
1.209548451575639674e-08
1.207404677208225180e-08
1.205266529587403433e-08
1.203134004126397386e-08
1.201007101634668948e-08
1.198885821349583731e-08
1.196770159849517569e-08
1.194660101221793699e-08
1.192555614479674809e-08
1.190456668964467538e-08
1.188363234721693942e-08
1.186275280772887028e-08
1.184192780719583729e-08
1.182115714944707450e-08
1.180044068913694272e-08
1.177977833140123759e-08
1.175916995762996362e-08
1.173861543860973035e-08
1.171811461189876274e-08
1.169766734690697045e-08
1.167727355789700525e-08
1.165693316632728214e-08
1.163664609258588083e-08
1.161641225422363498e-08
1.159623153521518245e-08
1.157610366749356104e-08
1.155602831429589796e-08
1.153600513151667802e-08
1.151603384739954307e-08
1.149611418265784001e-08
1.147624577698912106e-08
1.145642825011624056e-08
1.143666122432938985e-08
1.141694433452004628e-08
1.139727725452787843e-08
1.137765963020547620e-08
1.135809113553096662e-08
1.133857154950090211e-08
1.131910066866813314e-08
1.129967831332833999e-08
1.128030436176079373e-08
1.126097876941343736e-08
1.124170153932376910e-08
1.122247271727003363e-08
1.120329236789857961e-08
1.118416056660171853e-08
1.116507739039422377e-08
1.114604291357086058e-08
1.112705714509224494e-08
1.110812003601907964e-08
1.108923153207216329e-08
1.107039155842725398e-08
1.105159999973996768e-08
1.103285670650517754e-08
1.101416148943951127e-08
1.099551414490485310e-08
1.097691443705073035e-08
1.095836209580917797e-08
1.093985685215612292e-08
1.092139846111999191e-08
1.090298670369541862e-08
1.088462137277054892e-08
1.086630225558126624e-08
1.084802911386343947e-08
1.082980172866452933e-08
1.081161986825184764e-08
1.079348334111575976e-08
1.077539197065114028e-08
1.075734557593630116e-08
1.073934396925660488e-08
1.072138696228180133e-08
1.070347437148686323e-08
1.068560600023949096e-08
1.066778162416683416e-08
1.065000104003115236e-08
1.063226405938425600e-08
1.061457051192663070e-08
1.059692028630082027e-08
1.057931334314132418e-08
1.056174965457753908e-08
1.054422919566937888e-08
1.052675195747284733e-08
1.050931794209371633e-08
1.049192714812070159e-08
1.047457957284768835e-08
1.045727520068297224e-08
1.044001400545054354e-08
1.042279595781745606e-08
1.040562102884600377e-08
1.038848915457127770e-08
1.037140024461286224e-08
1.035435412511993994e-08
1.033735059151205930e-08
1.032038944146884463e-08
1.030347045741861226e-08
1.028659340655211499e-08
1.026975802933271053e-08
1.025296406271362392e-08
1.023621125004817515e-08
1.021949934644616565e-08
1.020282812206016106e-08
1.018619736562802115e-08
1.016960688243916223e-08
1.015305648705796337e-08
1.013654603051365311e-08
1.012007541955921482e-08
1.010364458035937213e-08
1.008725343195067269e-08
1.007090189745155065e-08
1.005458991814940441e-08
1.003831743582303559e-08
1.002208439153563527e-08
1.000589073568723379e-08
9.989736451012123292e-09
9.973621543447237123e-09
9.957546055677657494e-09
9.941510033402921220e-09
9.925513501470733191e-09
9.909556455897396541e-09
9.893638848751573333e-09
9.877760605716611096e-09
9.861921627678880146e-09
9.846121808343694808e-09
9.830361055049404398e-09
9.814639280022089064e-09
9.798956355975823147e-09
9.783312105736438866e-09
9.767706360227466282e-09
9.752138927429060806e-09
9.736609576642175835e-09
9.721118041650455677e-09
9.705664046876344955e-09
9.690247318482204811e-09
9.674867585027011588e-09
9.659524580559377051e-09
9.644218044290353785e-09
9.628947742573981535e-09
9.613713508188544363e-09
9.598515269711595498e-09
9.583352962704526106e-09
9.568226521397591914e-09
9.553135868063646662e-09
9.538080961750094916e-09
9.523061797851410093e-09
9.508078378012477235e-09
9.493130704334333445e-09
9.478218782326203434e-09
9.463342593538215724e-09
9.448502108361776122e-09
9.433697301865991840e-09
9.418928138098714866e-09
9.404194577191176399e-09
9.389496587568114021e-09
9.374834103763514254e-09
9.360207057955424195e-09
9.345615413768268697e-09
9.331059120074232474e-09
9.316538105357033386e-09
9.302052290149961036e-09
9.287601601542474040e-09
9.273185967433008693e-09
9.258805323938257394e-09
9.244459636444435474e-09
9.230148866330845747e-09
9.215872956499895558e-09
9.201631830562671292e-09
9.187425377958746634e-09
9.173253457378773046e-09
9.159115864141854493e-09
9.145012396603488024e-09
9.130942849908513809e-09
9.116907009209723040e-09
9.102904662882587686e-09
9.088935610257710119e-09
9.074999659692081114e-09
9.061096610592531045e-09
9.047226264585207595e-09
9.033388425889239716e-09
9.019582900047953402e-09
9.005809493535783889e-09
8.992068097704435417e-09
8.978358674323838573e-09
8.964681185567998363e-09
8.951035592368805535e-09
8.937421868793014646e-09
8.923839983812399324e-09
8.910289893126979263e-09
8.896771539363025757e-09
8.883284870834389840e-09
8.869829862666479945e-09
8.856406497165626491e-09
8.843014769825706841e-09
8.829654681333573727e-09
8.816326207289956721e-09
8.803029306759930621e-09
8.789763938221333202e-09
8.776530066767799397e-09
8.763327667125780154e-09
8.750156727193020924e-09
8.737017225915626104e-09
8.723909113986011197e-09
8.710832334688782349e-09
8.697786837818989830e-09
8.684772542396804762e-09
8.671789335663133254e-09
8.658837105122361603e-09
8.645915755543141340e-09
8.633025195571202247e-09
8.620165336063514823e-09
8.607336083712426797e-09
8.594537316265476023e-09
8.581768889052545308e-09
8.569030653429807972e-09
8.556322462378413796e-09
8.543644163485800313e-09
8.530995599090032517e-09
8.518376605357076270e-09
8.505787012588663348e-09
8.493226664379423850e-09
8.480695413363669072e-09
8.468193104663174921e-09
8.455719592571947581e-09
8.443274740284405337e-09
8.430858441869783934e-09
8.418470613770840768e-09
8.406111193999128920e-09
8.393780142280427083e-09
8.381477422935096937e-09
8.369203013073737371e-09
8.356956902954016962e-09
8.344739067825085398e-09
8.332549476894638141e-09
8.320388111826325980e-09
8.308254966070392204e-09
8.296150046186934935e-09
8.284073353553236364e-09
8.272024868337269073e-09
8.260004551908490772e-09
8.248012346977551795e-09
8.236048189273125698e-09
8.224112019530558820e-09
8.212203768366191189e-09
8.200323361414894242e-09
8.188470711533296324e-09
8.176645711366554075e-09
8.164848252057220772e-09
8.153078227057644021e-09
8.141335530104087935e-09
8.129620051499236230e-09
8.117931687937658602e-09
8.106270344933271500e-09
8.094635912774319372e-09
8.083028263637819625e-09
8.071447260592690701e-09
8.059892763450556070e-09
8.048364629418196163e-09
8.036862734804592415e-09
8.025386979672329278e-09
8.013937270624855725e-09
8.002513530201885541e-09
7.991115694255027864e-09
7.979743697872794556e-09
7.968397473322144704e-09
7.957076968978352467e-09
7.945782139413153258e-09
7.934512946321725350e-09
7.923269371652311022e-09
7.912051401019341102e-09
7.900859021466040457e-09
7.889692207488657325e-09
7.878550910318224212e-09
7.867435076071221598e-09
7.856344648527855928e-09
7.845279570750807409e-09
7.834239784008753698e-09
7.823225228374998859e-09
7.812235855780833417e-09
7.801271620704723209e-09
7.790332468101949260e-09
7.779418312146734409e-09
7.768529049698429347e-09
7.757664581853824251e-09
7.746824825496490989e-09
7.736009720559364387e-09
7.725219214375398239e-09
7.714453250748889800e-09
7.703711752667194879e-09
7.692994627845661935e-09
7.682301780749081013e-09
7.671633081764723639e-09
7.660988398208910305e-09
7.650367605932811062e-09
7.639770557338704772e-09
7.629197100420879408e-09
7.618647107746821326e-09
7.608120466559660098e-09
7.597617071707603996e-09
7.587136826084132425e-09
7.576679638617100001e-09
7.566245421709011263e-09
7.555834103015936928e-09
7.545445621181412608e-09
7.535079940189509705e-09
7.524737041901915970e-09
7.514416907945578535e-09
7.504119509281886897e-09
7.493844823344819589e-09
7.483592847962041502e-09
7.473363580382841265e-09
7.463157013432740627e-09
7.452973134909205933e-09
7.442811931251143744e-09
7.432673390905621884e-09
7.422557500230339286e-09
7.412464230425821708e-09
7.402393535095296009e-09
7.392345337388078305e-09
7.382319544789376387e-09
7.372316062825731132e-09
7.362334793255279332e-09
7.352375637066473663e-09
7.342438508152005214e-09
7.332523327727566912e-09
7.322630022583074597e-09
7.312758513426338089e-09
7.302908717943031409e-09
7.293080554847660109e-09
7.283273943774179867e-09
7.273488806847164853e-09
7.263725072821979868e-09
7.253982676605731103e-09
7.244261557967603054e-09
7.234561678755636144e-09
7.224883008407293450e-09
7.215225477572583731e-09
7.205588985460661907e-09
7.195973433458934826e-09
7.186378746136060448e-09
7.176804854434803295e-09
7.167251687707695496e-09
7.157719167815386012e-09
7.148207208648989325e-09
7.138715705851835279e-09
7.129244550279810267e-09
7.119793634255553206e-09
7.110362853922628934e-09
7.100952106325641861e-09
7.091561295002382221e-09
7.082190377522595680e-09
7.072839321021612332e-09
7.063508085712503800e-09
7.054196625519085675e-09
7.044904902980004031e-09
7.035632885720384938e-09
7.026380528092722069e-09
7.017147781975657557e-09
7.007934608388335641e-09
6.998740979230206686e-09
6.989566865668531384e-09
6.980412238518279993e-09
6.971277070263027220e-09
6.962161329063082512e-09
6.953064963772110007e-09
6.943987916099745768e-09
6.934930120628511966e-09
6.925891524966422285e-09
6.916872089412365852e-09
6.907871777169922012e-09
6.898890553897558534e-09
6.889928383884369669e-09
6.880985224075760045e-09
6.872061034881378274e-09
6.863155776497060842e-09
6.854269399791713817e-09
6.845401860548279269e-09
6.836553111615039469e-09
6.827723105544888840e-09
6.818911794091967252e-09
6.810119130108638286e-09
6.801345036981877805e-09
6.792589415371418561e-09
6.783852167925556184e-09
6.775133199067175745e-09
6.766432422766093826e-09
6.757749760284598440e-09
6.749085133662775527e-09
6.740438463353033798e-09
6.731809659429508292e-09
6.723198628791967239e-09
6.714605286307288880e-09
6.706029551392063198e-09
6.697471337515430067e-09
6.688930550854336693e-09
6.680407119195770014e-09
6.671901008115292796e-09
6.663412191948281538e-09
6.654940646104434240e-09
6.646486343632464503e-09
6.638049248376454990e-09
6.629629323984904817e-09
6.621226534862861589e-09
6.612840840616282753e-09
6.604472196260791999e-09
6.596120551439380640e-09
6.587785854111739024e-09
6.579468054751686943e-09
6.571167107582798663e-09
6.562882966991446692e-09
6.554615579965858960e-09
6.546364901293283689e-09
6.538130891002585996e-09
6.529913521748278288e-09
6.521712772629071512e-09
6.513528617257565811e-09
6.505361019678538543e-09
6.497209944625231148e-09
6.489075356104087780e-09
6.480957219758753959e-09
6.472855500129734731e-09
6.464770160973984171e-09
6.456701164507123569e-09
6.448648463455617964e-09
6.440612007341632396e-09
6.432591745627108196e-09
6.424587625339936602e-09
6.416599587323817998e-09
6.408627568160661086e-09
6.400671504612325229e-09
6.392731335376374996e-09
6.384806995141590525e-09
6.376898424594507882e-09
6.369005566169982978e-09
6.361128365954164407e-09
6.353266773261795881e-09
6.345420737058244009e-09
6.337590202421820527e-09
6.329775109967138975e-09
6.321975396454678151e-09
6.314190996025568380e-09
6.306421854201208966e-09
6.298667925762951160e-09
6.290929164408320408e-09
6.283205523363715648e-09
6.275496957079379313e-09
6.267803421609427266e-09
6.260124867167451586e-09
6.252461244485866924e-09
6.244812512587188808e-09
6.237178641160047091e-09
6.229559605111971656e-09
6.221955380832718984e-09
6.214365948426567921e-09
6.206791288485737099e-09
6.199231379238898142e-09
6.191686182538016447e-09
6.184155650115228051e-09
6.176639732704639191e-09
6.169138384158304229e-09
6.161651560973900572e-09
6.154179222736318202e-09
6.146721332439079738e-09
6.139277852105845975e-09
6.131848745423316057e-09
6.124433979517122214e-09
6.117033518174694338e-09
6.109647316131425523e-09
6.102275320462415863e-09
6.094917471836173849e-09
6.087573713580731782e-09
6.080243991499923995e-09
6.072928252013586220e-09
6.065626448259117727e-09
6.058338536947367806e-09
6.051064475584493440e-09
6.043804219496687415e-09
6.036557721402167778e-09
6.029324935461901150e-09
6.022105817530537059e-09
6.014900323794514623e-09
6.007708421092017501e-09
6.000530075355324305e-09
5.993365249093606184e-09
5.986213903480976353e-09
5.979076001142372369e-09
5.971951508175901877e-09
5.964840402807960102e-09
5.957742668435588719e-09
5.950658284600694602e-09
5.943587221482848396e-09
5.936529449998072879e-09
5.929484942549833625e-09
5.922453670881729417e-09
5.915435606233488587e-09
5.908430715755377630e-09
5.901438963454906939e-09
5.894460308165430724e-09
5.887494707161640153e-09
5.880542119127533706e-09
5.873602510162480479e-09
5.866675849320363357e-09
5.859762101905033642e-09
5.852861234172693048e-09
5.845973218751895401e-09
5.839098030814698810e-09
5.832235639826227272e-09
5.825386014757189830e-09
5.818549125814143897e-09
5.811724946113851087e-09
5.804913450797636440e-09
5.798114612270829995e-09
5.791328397360898458e-09
5.784554771757388428e-09
5.777793701047120597e-09
5.771045131052632679e-09
5.764309001272279483e-09
5.757585250471063956e-09
5.750873817477943344e-09
5.744174641210758756e-09
5.737487659947806686e-09
5.730812813145290472e-09
5.724150040445714382e-09
5.717499285158073982e-09
5.710860499646180130e-09
5.704233646849789533e-09
5.697618691878715120e-09
5.691015599727824804e-09
5.684424335715357868e-09
5.677844878146702803e-09
5.671277231671043131e-09
5.664721401360256630e-09
5.658177385901722646e-09
5.651645178479354645e-09
5.645124769515698152e-09
5.638616147471774702e-09
5.632119301028833567e-09
5.625634215675541863e-09
5.619160870708962658e-09
5.612699243358368787e-09
5.606249313319564905e-09
5.599811061190349802e-09
5.593384466089084927e-09
5.586969502641992582e-09
5.580566129599169596e-09
5.574174293116638991e-09
5.567793938028838978e-09
5.561425014344837922e-09
5.555067486315276931e-09
5.548721324229850030e-09
5.542386498286253874e-09
5.536062977179024234e-09
5.529750729552736000e-09
5.523449727595055733e-09
5.517159944616197776e-09
5.510881358042516535e-09
5.504613946607301033e-09
5.498357689839884999e-09
5.492112572547427231e-09
5.485878583609109744e-09
5.479655713042833715e-09
5.473443956403912868e-09
5.467243311460824840e-09
5.461053758209704541e-09
5.454875263766369704e-09
5.448707792711408893e-09
5.442551305690217195e-09
5.436405757330333282e-09
5.430271096719625902e-09
5.424147272087676240e-09
5.418034233647336049e-09
5.411931935997887510e-09
5.405840335055238667e-09
5.399759384876200039e-09
5.393689039525547065e-09
5.387629253472483640e-09
5.381579982268480227e-09
5.375541183377280950e-09
5.369512828256322286e-09
5.363494905787242974e-09
5.357487404342856489e-09
5.351490307809291588e-09
5.345503598361534816e-09
5.339527261253639224e-09
5.333561283322228914e-09
5.327605651181479263e-09
5.321660349932517482e-09
5.315725364114770475e-09
5.309800678203047454e-09
5.303886274954871119e-09
5.297982134790828396e-09
5.292088238901883502e-09
5.286204568552422859e-09
5.280331100139515222e-09
5.274467800279479521e-09
5.268614633938555775e-09
5.262771569043071330e-09
5.256938577171025893e-09
5.251115634145389306e-09
5.245302718406130690e-09
5.239499807308405709e-09
5.233706883069287858e-09
5.227923933793971214e-09
5.222150951802563554e-09
5.216387931956435278e-09
5.210634869045867231e-09
5.204891757528919708e-09
5.199158589106611220e-09
5.193435355565703336e-09
5.187722051659626832e-09
5.182018671235612961e-09
5.176325197883687118e-09
5.170641604471100983e-09
5.164967864454710653e-09
5.159303951737971997e-09
5.153649839125998063e-09
5.148005499310729527e-09
5.142370906659464615e-09
5.136746033713777458e-09
5.131130848333909462e-09
5.125525318011492154e-09
5.119929406814378752e-09
5.114343072930603476e-09
5.108766266818371430e-09
5.103198935891556180e-09
5.097641028531888855e-09
5.092092497699415410e-09
5.086553309239999727e-09
5.081023434972759697e-09
5.075502846173133866e-09
5.069991515177827714e-09
5.064489415039937244e-09
5.058996520637327991e-09
5.053512811364198014e-09
5.048038266013207223e-09
5.042572865684522700e-09
5.037116595258031448e-09
5.031669442048859214e-09
5.026231400088121158e-09
5.020802471071092511e-09
5.015382658522152463e-09
5.009971964873242620e-09
5.004570391751463644e-09
4.999177934643756990e-09
4.993794588119837445e-09
4.988420347204589167e-09
4.983055205849086007e-09
4.977699157252093460e-09
4.972352193996053843e-09
4.967014308016823897e-09
4.961685490382263349e-09
4.956365729770256501e-09
4.951055011741060470e-09
4.945753319916779541e-09
4.940460636829580985e-09
4.935176942438184678e-09
4.929902211214285657e-09
4.924636411624735749e-09
4.919379513847334606e-09
4.914131488063903629e-09
4.908892301045502426e-09
4.903661918190498438e-09
4.898440305884641444e-09
4.893227432033772836e-09
4.888023267454622287e-09
4.882827782908212162e-09
4.877640950198605667e-09
4.872462740942519523e-09
4.867293126847850573e-09
4.862132081949142134e-09
4.856979585227872982e-09
4.851835616064715117e-09
4.846700155651692375e-09
4.841573189177101913e-09
4.836454701586269817e-09
4.831344677494606977e-09
4.826243102446068434e-09
4.821149965430466644e-09
4.816065255244175397e-09
4.810988958325149169e-09
4.805921058566819894e-09
4.800861538855060580e-09
4.795810383647322882e-09
4.790767579983422851e-09
4.785733115037439535e-09
4.780706973735618445e-09
4.775689139444470021e-09
4.770679595081108229e-09
4.765678325945066993e-09
4.760685320189009803e-09
4.755700573168977609e-09
4.750724080490500616e-09
4.745755835150284773e-09
4.740795828490788129e-09
4.735844050542568551e-09
4.730900493899117009e-09
4.725965152052867140e-09
4.721038017458298076e-09
4.716119079791712697e-09
4.711208329775443329e-09
4.706305754965282264e-09
4.701411340694370949e-09
4.696525072851992477e-09
4.691646937291273051e-09
4.686776919421908856e-09
4.681915000693685612e-09
4.677061148526189899e-09
4.672215325321081715e-09
4.667377494770660219e-09
4.662547622972530130e-09
4.657725678719354831e-09
4.652911631523096591e-09
4.648105451337265866e-09
4.643307108950201835e-09
4.638516575411701407e-09
4.633733824816941066e-09
4.628958832818038981e-09
4.624191575487979505e-09
4.619432029500166796e-09
4.614680172501730591e-09
4.609935983905048727e-09
4.605199449728199628e-09
4.600470568666157813e-09
4.595749340823671643e-09
4.591035764391229763e-09
4.586329833827357342e-09
4.581631544999814074e-09
4.576940892661014130e-09
4.572257870568475235e-09
4.567582472531512336e-09
4.562914692743667433e-09
4.558254525634338183e-09
4.553601966086772262e-09
4.548957007589873725e-09
4.544319642773660183e-09
4.539689861775406558e-09
4.535067652350691595e-09
4.530452996263229294e-09
4.525845870024632246e-09
4.521246248232963043e-09
4.516654104558805535e-09
4.512069420687308107e-09
4.507492181955312181e-09
4.502922372430375348e-09
4.498359975908690325e-09
4.493804975743750210e-09
4.489257356290863084e-09
4.484717105782921513e-09
4.480184213885586700e-09
4.475658670045456780e-09
4.471140464419166009e-09
4.466629588563992893e-09
4.462126034911789867e-09
4.457629799118582375e-09
4.453140878694376447e-09
4.448659271404308740e-09
4.444184975173270128e-09
4.439717974710687195e-09
4.435258245075051115e-09
4.430805761310452674e-09
4.426360498193778505e-09
4.421922433504096966e-09
4.417491544711571602e-09
4.413067807165654368e-09
4.408651195433388584e-09
4.404241683850112700e-09
4.399839246680807663e-09
4.395443858216436164e-09
4.391055491653959114e-09
4.386674117251590528e-09
4.382299704616698032e-09
4.377932223696033189e-09
4.373571646009535072e-09
4.369217954179737950e-09
4.364871144737400013e-09
4.360531214231874469e-09
4.356198158832992482e-09
4.351871973931396795e-09
4.347552654977602310e-09
4.343240197361816674e-09
4.338934594712382606e-09
4.334635837909510602e-09
4.330343916233733190e-09
4.326058819332290262e-09
4.321780539945504790e-09
4.317509072678312086e-09
4.313244412447168643e-09
4.308986553621023418e-09
4.304735489752531275e-09
4.300491210457646481e-09
4.296253695934115157e-09
4.292022928450546633e-09
4.287798897695215576e-09
4.283581594043349470e-09
4.279371008094359121e-09
4.275167130636773632e-09
4.270969952587783439e-09
4.266779465151920838e-09
4.262595659229417407e-09
4.258418525246646036e-09
4.254248052306806619e-09
4.250084228294146672e-09
4.245927042962570200e-09
4.241776486772405031e-09
4.237632549977986204e-09
4.233495222602543593e-09
4.229364495877210800e-09
4.225240361686778569e-09
4.221122804797128561e-09
4.217011801451367230e-09
4.212907328704376232e-09
4.208809364629287460e-09
4.204717887292869303e-09
4.200632874459520897e-09
4.196554303660042264e-09
4.192482152329556752e-09
4.188416399211650128e-09
4.184357023191035923e-09
4.180304002571790719e-09
4.176257316212634724e-09
4.172216944112277863e-09
4.168182867935951663e-09
4.164155067848979249e-09
4.160133523230614836e-09
4.156118214137371726e-09
4.152109129621890053e-09
4.148106265306744904e-09
4.144109616876542469e-09
4.140119179715922640e-09
4.136134949984615879e-09
4.132156924771538691e-09
4.128185101183934594e-09
4.124219473421921671e-09
4.120260033966167593e-09
4.116306775130777287e-09
4.112359688812201436e-09
4.108418766889996386e-09
4.104484000719927867e-09
4.100555381371575314e-09
4.096632900364566456e-09
4.092716548900516124e-09
4.088806316748178697e-09
4.084902187841310336e-09
4.081004146317579631e-09
4.077112176703635203e-09
4.073226264040473192e-09
4.069346393826544608e-09
4.065472552209571066e-09
4.061604726823960932e-09
4.057742905717271993e-09
4.053887077457715155e-09
4.050037230337471980e-09
4.046193353043740824e-09
4.042355434509103172e-09
4.038523463615276345e-09
4.034697429055821372e-09
4.030877320189877754e-09
4.027063127429909340e-09
4.023254841975592050e-09
4.019452454846395546e-09
4.015655955053536411e-09
4.011865330929445161e-09
4.008080570012645041e-09
4.004301658667828796e-09
4.000528582175739287e-09
3.996761324598123159e-09
3.992999870055391534e-09
3.989244202937747935e-09
3.985494308082716134e-09
3.981750170664554381e-09
3.978011776048847795e-09
3.974279110419771017e-09
3.970552160003600521e-09
3.966830910920961968e-09
3.963115348502809736e-09
3.959405457937079505e-09
3.955701224715498959e-09
3.952002636387119697e-09
3.948309680797153758e-09
3.944622345303132304e-09
3.940940617527236318e-09
3.937264486062806454e-09
3.933593940190045195e-09
3.929928970471235341e-09
3.926269568388219009e-09
3.922615726015865605e-09
3.918967436011057085e-09
3.915324690872668190e-09
3.911687482948063954e-09
3.908055804873583303e-09
3.904429649293651679e-09
3.900809008129684902e-09
3.897193872629233627e-09
3.893584233383230883e-09
3.889980080276099020e-09
3.886381403055046015e-09
3.882788191389303183e-09
3.879200433704281105e-09
3.875618116997120760e-09
3.872041227783299163e-09
3.868469752646768998e-09
3.864903678296603112e-09
3.861342989597551101e-09
3.857787668868883798e-09
3.854237698257136044e-09
3.850693060452386369e-09
3.847153739446425101e-09
3.843619720284873975e-09
3.840090988605314951e-09
3.836567533178013517e-09
3.833049344745668836e-09
3.829536415988208118e-09
3.826028741442091007e-09
3.822526316366365739e-09
3.819029136090863218e-09
3.815537195948342569e-09
3.812050491296405634e-09
3.808569017795146757e-09
3.805092771641488923e-09
3.801621748751157545e-09
3.798155945070958523e-09
3.794695356062544748e-09
3.791239977064208356e-09
3.787789802903976923e-09
3.784344827025959367e-09
3.780905040407319198e-09
3.777470427779895458e-09
3.774040972741479940e-09
3.770616659409929431e-09
3.767197470619529822e-09
3.763783387626179835e-09
3.760374391678177229e-09
3.756970465319600676e-09
3.753571591403437791e-09
3.750177752639564019e-09
3.746788931015676497e-09
3.743405108425907485e-09
3.740026266137608847e-09
3.736652385041936497e-09
3.733283446730526049e-09
3.729919433020816058e-09
3.726560326608601699e-09
3.723206115120123345e-09
3.719856794300453673e-09
3.716512360516623704e-09
3.713172809382064460e-09
3.709838135158399863e-09
3.706508331635331996e-09
3.703183391890175561e-09
3.699863309055285441e-09
3.696548076926537795e-09
3.693237689326285592e-09
3.689932139144652559e-09
3.686631418842591758e-09
3.683335521368880226e-09
3.680044440037569686e-09
3.676758168481539529e-09
3.673476699583386553e-09
3.670200024052870351e-09
3.666928129667307560e-09
3.663661002093679382e-09
3.660398626501777288e-09
3.657140989134013567e-09
3.653888080391175585e-09
3.650639893581511154e-09
3.647396421523347205e-09
3.644157657488174125e-09
3.640923595655190598e-09
3.637694230234028526e-09
3.634469555571711614e-09
3.631249566351628293e-09
3.628034258189229970e-09
3.624823627160182395e-09
3.621617670397067283e-09
3.618416386117783562e-09
3.615219772768190796e-09
3.612027829987719715e-09
3.608840557483561203e-09
3.605657954522520978e-09
3.602480019985444350e-09
3.599306747329782246e-09
3.596138118993942668e-09
3.592974116804967323e-09
3.589814722779717255e-09
3.586659918124374325e-09
3.583509683394922928e-09
3.580363998270755627e-09
3.577222842116488023e-09
3.574086194577729382e-09
3.570954035355094412e-09
3.567826344489134729e-09
3.564703102072430777e-09
3.561584287362795077e-09
3.558469879680747471e-09
3.555359858921257437e-09
3.552254205203285454e-09
3.549152898500640413e-09
3.546055920776897210e-09
3.542963265072263224e-09
3.539874927681121512e-09
3.536790903895188978e-09
3.533711188449196740e-09
3.530635776323426546e-09
3.527564663101942852e-09
3.524497845693505118e-09
3.521435322110157624e-09
3.518377091220049286e-09
3.515323151378096122e-09
3.512273500960212131e-09
3.509228138318011227e-09
3.506187061594582951e-09
3.503150268713107981e-09
3.500117757617250055e-09
3.497089525819625787e-09
3.494065568824001072e-09
3.491045877961795647e-09
3.488030442579793416e-09
3.485019253509176225e-09
3.482012305766955541e-09
3.479009595397857661e-09
3.476011118353708645e-09
3.473016870219774839e-09
3.470026846556713554e-09
3.467041043000418726e-09
3.464059455057385118e-09
3.461082076752698984e-09
3.458108901070663940e-09
3.455139920529313058e-09
3.452175127624999421e-09
3.449214514691935891e-09
3.446258074002736014e-09
3.443305797813377083e-09
3.440357679356830164e-09
3.437413713282811231e-09
3.434473894122469019e-09
3.431538211689941996e-09
3.428606648829050135e-09
3.425679188662681401e-09
3.422755814736102446e-09
3.419836510747807271e-09
3.416921260733074397e-09
3.414010048265996478e-09
3.411102856152445750e-09
3.408199668743727567e-09
3.405300471577703546e-09
3.402405250496432212e-09
3.399513991679893984e-09
3.396626681471556979e-09
3.393743306206613371e-09
3.390863851971622213e-09
3.387988304494691286e-09
3.385116649036447660e-09
3.382248870793736160e-09
3.379384962495946089e-09
3.376524922645610047e-09
3.373668749901094023e-09
3.370816442754180579e-09
3.367967999617273959e-09
3.365123419309810001e-09
3.362282700034654863e-09
3.359445839106107780e-09
3.356612833349022323e-09
3.353783679393853449e-09
3.350958373825635219e-09
3.348136913461605349e-09
3.345319294964809303e-09
3.342505515270358448e-09
3.339695572428016087e-09
3.336889464708614501e-09
3.334087190204281874e-09
3.331288745691255476e-09
3.328494124005633387e-09
3.325703317606402461e-09
3.322916319165256148e-09
3.320133121291806755e-09
3.317353716602757595e-09
3.314578097571236171e-09
3.311806255984389522e-09
3.309038183088964694e-09
3.306273870054906669e-09
3.303513308871161053e-09
3.300756492027452316e-09
3.298003411921713523e-09
3.295254060748801177e-09
3.292508430249741619e-09
3.289766511947531682e-09
3.287028297606281424e-09
3.284293779128805028e-09
3.281562948690389971e-09
3.278835799589281796e-09
3.276112323523097645e-09
3.273392510020643759e-09
3.270676348471422129e-09
3.267963828143426052e-09
3.265254938471746340e-09
3.262549669365867261e-09
3.259848011178013650e-09
3.257149954614123525e-09
3.254455490888133813e-09
3.251764611641702476e-09
3.249077308391054220e-09
3.246393573346883575e-09
3.243713399685597756e-09
3.241036780418354386e-09
3.238363708216193029e-09
3.235694175390138193e-09
3.233028173311164564e-09
3.230365693067151708e-09
3.227706727571083729e-09
3.225051272734918649e-09
3.222399324819021309e-09
3.219750880053545431e-09
3.217105934358696855e-09
3.214464483545233843e-09
3.211826523469923273e-09
3.209192050090127109e-09
