6.689283630578168935e-08
8.605491356634326254e-08
1.015352690009956197e-07
1.146264368066899229e-07
1.258005375055539876e-07
1.353691972785956208e-07
1.436919163647855916e-07
1.511038038058344304e-07
1.577925523568208661e-07
1.638115673914318208e-07
1.691688816181334000e-07
1.739020496045149837e-07
1.780956285473868722e-07
1.818437387507875311e-07
1.852190200358853768e-07
1.882582077112960503e-07
1.909867828972062737e-07
1.934261874510134836e-07
1.956024348223743288e-07
1.975435421346774096e-07
1.992671492518592561e-07
2.007839871357038489e-07
2.020988160848533085e-07
2.032204204359031170e-07
2.041681067426217035e-07
2.049639606099718729e-07
2.056274882361169876e-07
2.061722689167065630e-07
2.066094114195658088e-07
2.069475130503274832e-07
2.071937441177672987e-07
2.073506321605673806e-07
2.074203116615343237e-07
2.074049292398956164e-07
2.073070234683803897e-07
2.071300237419011302e-07
2.068792139646638943e-07
2.065616235357879405e-07
2.061851635339382020e-07
2.057570259395722683e-07
2.052822612257369724e-07
2.047655243653169085e-07
2.042096133304924029e-07
2.036183219196682364e-07
2.029937724341765334e-07
2.023371275963370870e-07
2.016497809724144220e-07
2.009318571010546301e-07
2.001844249931751586e-07
1.994093049930764622e-07
1.986083581642490082e-07
1.977834893483686290e-07
1.969366089393638987e-07
1.960698672220075228e-07
1.951849390311900568e-07
1.942829349953255916e-07
1.933656432967508606e-07
1.924350818308507716e-07
1.914928301426109122e-07
1.905402401525015138e-07
1.895787590898565694e-07
1.886100575757579018e-07
1.876352293911522803e-07
1.866545115277365448e-07
1.856680687208458703e-07
1.846768049219618361e-07
1.836813512242283798e-07
1.826817373898155140e-07
1.816780318249615192e-07
1.806705071021126031e-07
1.796595089812964283e-07
1.786451859173618864e-07
1.776278334754575502e-07
1.766081326560673490e-07
1.755868506913170384e-07
1.745647778274290713e-07
1.735428904570645955e-07
1.725221619341235411e-07
1.715033396505147219e-07
1.704869915329298671e-07
1.694735045729524085e-07
1.684630996151727984e-07
1.674560434760375038e-07
1.664524999776562513e-07
1.654525623422166287e-07
1.644561695525558332e-07
1.634633184136467413e-07
1.624742327889365695e-07
1.614891064907439286e-07
1.605079627637870966e-07
1.595307489471779570e-07
1.585573962109290069e-07
1.575880139511753194e-07
1.566228827474907018e-07
1.556620692815485040e-07
1.547055877769965241e-07
1.537535869909496637e-07
1.528063343292066003e-07
1.518641106034350244e-07
1.509271801946136315e-07
1.499957394149876408e-07
1.490699687302361967e-07
1.481500393489946430e-07
1.472361157401937990e-07
1.463283349082138515e-07
1.454267482122497888e-07
1.445313118487484558e-07
1.436420052282700076e-07
1.427588825431128242e-07
1.418819837156933063e-07
1.410113186247559707e-07
1.401468245806230207e-07
1.392883683452076236e-07
1.384358520852825085e-07
1.375892481679068664e-07
1.367485474564441122e-07
1.359137685405934346e-07
1.350849263946948454e-07
1.342620316290039350e-07
1.334450459046364743e-07
1.326339107279533625e-07
1.318285742454502415e-07
1.310290178118573733e-07
1.302353368382255805e-07
1.294476646941977444e-07
1.286660297549797572e-07
1.278904209107676541e-07
1.271208065141515152e-07
1.263571437641047825e-07
1.255993704120780124e-07
1.248474846350487528e-07
1.241015665765550736e-07
1.233617073346625709e-07
1.226279483317558605e-07
1.219002916251491427e-07
1.211787221115059584e-07
1.204632010172430490e-07
1.197536709919006966e-07
1.190500706196951803e-07
1.183523409776356760e-07
1.176604119846220987e-07
1.169741946335609259e-07
1.162935921963086450e-07
1.156184787678307182e-07
1.149487358186285683e-07
1.142842855675133396e-07
1.136250804332941578e-07
1.129710977216086965e-07
1.123223061599282145e-07
1.116786382246370559e-07
1.110400257558439527e-07
1.104064270711019076e-07
1.097778734990376876e-07
1.091544081035352693e-07
1.085360869126090411e-07
1.079229569071005192e-07
1.073150107315087325e-07
1.067122006261414657e-07
1.061144824489301963e-07
1.055218343116284541e-07
1.049342490191388105e-07
1.043516947658094710e-07
1.037741047199323515e-07
1.032014306413017306e-07
1.026336411741677740e-07
1.020706994300770296e-07
1.015125260884048071e-07
1.009590088340234611e-07
1.004100585929745294e-07
9.986561105955474832e-08
9.932562187225940205e-08
9.879005049853369108e-08
9.825884009102114991e-08
9.773193822293435150e-08
9.720931711736486426e-08
9.669094125027265265e-08
9.617678610233404018e-08
9.566684057574534830e-08
9.516106616226476708e-08
9.465941846387086531e-08
9.416184936631828544e-08
9.366830574704529703e-08
9.317872738018523839e-08
9.269306084689423323e-08
9.221127629830901589e-08
9.173337267124746292e-08
9.125936630610221007e-08
9.078926912488186874e-08
9.032305787296982652e-08
8.986069473338397065e-08
8.940213759997204754e-08
8.894732892260641232e-08
8.849620569055224234e-08
8.804870566408401995e-08
8.760477820810156712e-08
8.716438024359843117e-08
8.672748709420161717e-08
8.629408136978806967e-08
8.586416032247685663e-08
8.543772789129294940e-08
8.501476563323382935e-08
8.459523392160650445e-08
8.417907491939055746e-08
8.376622197568317475e-08
8.335660726520469265e-08
8.295018403890762866e-08
8.254692793796260034e-08
8.214681505526207548e-08
8.174981742893441271e-08
8.135590744114797812e-08
8.096505808277279681e-08
8.057723829657140487e-08
8.019240860163930214e-08
7.981052521027628310e-08
7.943153837319528960e-08
7.905540246183732075e-08
7.868208169699848313e-08
7.831155326931515774e-08
7.794381283880601333e-08
7.757885320550549800e-08
7.721665212178920701e-08
7.685719024539691843e-08
7.650044369852051230e-08
7.614637954871916387e-08
7.579496847072929715e-08
7.544617456409341853e-08
7.509996138905804336e-08
7.475630036840215818e-08
7.441517667038807563e-08
7.407657844144446859e-08
7.374049604151963254e-08
7.340691839875051120e-08
7.307583486563186382e-08
7.274723010381148126e-08
7.242107352829640521e-08
7.209733154500677648e-08
7.177597260676312944e-08
7.145696394597137248e-08
7.114026497619466397e-08
7.082583656195891580e-08
7.051364590440971632e-08
7.020366540414948907e-08
6.989586983468796542e-08
6.959024435861929883e-08
6.928677184223854897e-08
6.898542434628114562e-08
6.868617923772267977e-08
6.838901979858061845e-08
6.809393519333560433e-08
6.780091447432170021e-08
6.750994393684056050e-08
6.722099537433331887e-08
6.693403724061922771e-08
6.664904075308983626e-08
6.636597890170404009e-08
6.608482703673397292e-08
6.580556538204141015e-08
6.552817624868984547e-08
6.525264198571923006e-08
6.497894620229329714e-08
6.470707144362040801e-08
6.443700445704210171e-08
6.416872912208436089e-08
6.390222566738152837e-08
6.363747673011151911e-08
6.337446896475280461e-08
6.311319372372776979e-08
6.285363985372141284e-08
6.259579415777034926e-08
6.233964168384176224e-08
6.208516661775572293e-08
6.183235294648913437e-08
6.158118575607756676e-08
6.133165218052858646e-08
6.108374166791218004e-08
6.083744216635901059e-08
6.059273663829601135e-08
6.034960456924595168e-08
6.010802532601180718e-08
5.986797808939298867e-08
5.962944352976703224e-08
5.939240600986217378e-08
5.915684694910705682e-08
5.892274899289029695e-08
5.869009679186086954e-08
5.845887327203612231e-08
5.822905937921261428e-08
5.800064358254613495e-08
5.777361798400869529e-08
5.754797312015190965e-08
5.732369649844086565e-08
5.710077632952975502e-08
5.687920158050183828e-08
5.665895877164104387e-08
5.644003563739364514e-08
5.622242276594220269e-08
5.600611360120237172e-08
5.579109800535944007e-08
5.557735889101623511e-08
5.536487703299099059e-08
5.515363103819541245e-08
5.494359909513751648e-08
5.473476249276881901e-08
5.452710761057333068e-08
5.432063073989374989e-08
5.411533360476753054e-08
5.391121587798335034e-08
5.370827384401233966e-08
5.350650232938534224e-08
5.330589548351246310e-08
5.310644674075228471e-08
5.290814987532731941e-08
5.271099725733550841e-08
5.251497849271675958e-08
5.232007748181296305e-08
5.212627697425084558e-08
5.193356355205939124e-08
5.174192488261878326e-08
5.155135024520451254e-08
5.136183035942561220e-08
5.117335698769465178e-08
5.098592197152909748e-08
5.079951721382116553e-08
5.061413327060054877e-08
5.042975697195659289e-08
5.024637409789239066e-08
5.006397451807128677e-08
4.988255240051551913e-08
4.970210475482685044e-08
4.952262899177899965e-08
4.934412133109914119e-08
4.916657791506312663e-08
4.898999432010916480e-08
4.881436472992098061e-08
4.863967806657181404e-08
4.846592131742688406e-08
4.829308228272824297e-08
4.812114922825558891e-08
4.795010902028265480e-08
4.777994920409253767e-08
4.761065979828628299e-08
4.744223350946223374e-08
4.727466648487653712e-08
4.710795525222976509e-08
4.694209563359408283e-08
4.677708030503761599e-08
4.661289915887225191e-08
4.644954263732458504e-08
4.628700345517746715e-08
4.612527545867484861e-08
4.596435196477557924e-08
4.580422963251473426e-08
4.564490700884671938e-08
4.548638295929209365e-08
4.532865806957945391e-08
4.517173479302768529e-08
4.501561328363611925e-08
4.486028927112430993e-08
4.470575802357506341e-08
4.455201527001316830e-08
4.439905661481163591e-08
4.424687400358700450e-08
4.409545546077143928e-08
4.394478811843884951e-08
4.379485920036665693e-08
4.364565659236149551e-08
4.349716889275447180e-08
4.334938489451329630e-08
4.320229466064165289e-08
4.305589190999129839e-08
4.291017577283617439e-08
4.276514828293173562e-08
4.262081224226743175e-08
4.247717070237256934e-08
4.233422495758206836e-08
4.219197453925685866e-08
4.205041756405995210e-08
4.190954835687016532e-08
4.176935974067683047e-08
4.162984401669855918e-08
4.149099512950107314e-08
4.135280682050114646e-08
4.121527270274108601e-08
4.107838763266221590e-08
4.094214615980857837e-08
4.080654208587952138e-08
4.067156923242446439e-08
4.053722138698137696e-08
4.040349282894498802e-08
4.027037845010194999e-08
4.013787255478326459e-08
4.000596952365765295e-08
3.987466465757905678e-08
3.974395389422084501e-08
3.961383354417159502e-08
3.948430012541003163e-08
3.935535144592334728e-08
3.922698708224313084e-08
3.909920707088439032e-08
3.897201135360877327e-08
3.884539971129826621e-08
3.871937062495090378e-08
3.859392289203145642e-08
3.846905505820586039e-08
3.834476394036984778e-08
3.822104449706673604e-08
3.809789102179382330e-08
3.797529922122465744e-08
3.785326365168094718e-08
3.773177746689471338e-08
3.761083440746045303e-08
3.749042927707024214e-08
3.737055707193640915e-08
3.725121327622163186e-08
3.713239516366996097e-08
3.701410149236376707e-08
3.689633102043512441e-08
3.677908256992654306e-08
3.666235514618178480e-08
3.654614821425471027e-08
3.643046110627559006e-08
3.631529290831276182e-08
3.620064186759452886e-08
3.608650521796721514e-08
3.597287874088823247e-08
3.585975762787491493e-08
3.574713697161357318e-08
3.563501210169926061e-08
3.552337831486657272e-08
3.541223063111384001e-08
3.530156471618988263e-08
3.519137746651095117e-08
3.508166631587270979e-08
3.497242938494907651e-08
3.486366465961839017e-08
3.475536920393794328e-08
3.464754061321190354e-08
3.454017721206003574e-08
3.443327809953370737e-08
3.432684189206967504e-08
3.422086551987122187e-08
3.411534569928083340e-08
3.401028005349312970e-08
3.390566763593744992e-08
3.380150853037960198e-08
3.369780209131715112e-08
3.359454502476460428e-08
3.349173406735524699e-08
3.338936650315042798e-08
3.328744017258068679e-08
3.318595259809805199e-08
3.308490119312283667e-08
3.298428362095158874e-08
3.288409730248995734e-08
3.278433905314907063e-08
3.268500448649938104e-08
3.258609003071080110e-08
3.248759272150706684e-08
3.238950979814576557e-08
3.229183857030935155e-08
3.219457662462936110e-08
3.209772258055389854e-08
3.200127632300911752e-08
3.190523829102724269e-08
3.180960947437760197e-08
3.171439060310472389e-08
3.161958261234697150e-08
3.152518618431180088e-08
3.143120022821751261e-08
3.133762274002500297e-08
3.124445091362466874e-08
3.115168076326272933e-08
3.105930808534193040e-08
3.096732881681393575e-08
3.087573866523088480e-08
3.078453346996643770e-08
3.069370911025202523e-08
3.060326129672096181e-08
3.051318611096372788e-08
3.042348086224576619e-08
3.033414352729397899e-08
3.024517342960573002e-08
3.015657066649561553e-08
3.006833547074967036e-08
2.998046804204863927e-08
2.989296844738937408e-08
2.980583655672082497e-08
2.971907195330542554e-08
2.963267339354604553e-08
2.954663884785975751e-08
2.946096515177973158e-08
2.937564884005920730e-08
2.929068690520959854e-08
2.920607713847500259e-08
2.912181853189322008e-08
2.903791084835805696e-08
2.895435402938400249e-08
2.887114825322238401e-08
2.878829369688365867e-08
2.870578980696633141e-08
2.862363570040580498e-08
2.854182995481509078e-08
2.846036914469635527e-08
2.837924902008033761e-08
2.829846536019065831e-08
2.821801426595033552e-08
2.813789258973525017e-08
2.805809767834711666e-08
2.797862704541145345e-08
2.789947859519541496e-08
2.782065093616523073e-08
2.774214347645215215e-08
2.766395568270243201e-08
2.758608689966011403e-08
2.750853653065187360e-08
2.743130394050863786e-08
2.735438817993330571e-08
2.727778822122111327e-08
2.720150318096997360e-08
2.712553222942522705e-08
2.704987446642162415e-08
2.697452901134366748e-08
2.689949523998268205e-08
2.682477283381408534e-08
2.675036132829015168e-08
2.667625979809600580e-08
2.660246722860755406e-08
2.652898245728602592e-08
2.645580408585808768e-08
2.638293049080189196e-08
2.631035970153225533e-08
2.623808960750973972e-08
2.616611818173279363e-08
2.609444368189560985e-08
2.602306413590999132e-08
2.595197697104854521e-08
2.588117946431448663e-08
2.581066898576437619e-08
2.574044310942497349e-08
2.567049989416354573e-08
2.560083753747301376e-08
2.553145400419457126e-08
2.546234722666490303e-08
2.539351597841485114e-08
2.532495977456565255e-08
2.525667834952780724e-08
2.518867153343649748e-08
2.512093917479163532e-08
2.505348087803478348e-08
2.498629608290765892e-08
2.491938410792979475e-08
2.485274396705379860e-08
2.478637452071896488e-08
2.472027440201405620e-08
2.465444203269264832e-08
2.458887623534432868e-08
2.452357614503338739e-08
2.445854070818995993e-08
2.439376865446705304e-08
2.432925912804554929e-08
2.426501163436198224e-08
2.420102571624226311e-08
2.413730079938631762e-08
2.407383586872368232e-08
2.401062980452525054e-08
2.394768123042239406e-08
2.388498855311328014e-08
2.382255024021759403e-08
2.376036425876949438e-08
2.369842834118017174e-08
2.363674049237933407e-08
2.357529902070779201e-08
2.351410212683754984e-08
2.345314801349316454e-08
2.339243490131698398e-08
2.333196146146109547e-08
2.327172677832123443e-08
2.321172997044555433e-08
2.315197024528259135e-08
2.309244671484944151e-08
2.303315822521988917e-08
2.297410373652094329e-08
2.291528228744238521e-08
2.285669317128632649e-08
2.279833576001537751e-08
2.274020915146808691e-08
2.268231214773062366e-08
2.262464359000969768e-08
2.256720266032780532e-08
2.250998868903290768e-08
2.245300104951327745e-08
2.239623918968135959e-08
2.233970286894514482e-08
2.228339190704741928e-08
2.222730608960202313e-08
2.217144507962004492e-08
2.211580821823306186e-08
2.206039453477142580e-08
2.200520297656666414e-08
2.195023252372930477e-08
2.189548195972658765e-08
2.184094982964404620e-08
2.178663430602403152e-08
2.173253316324877588e-08
2.167864401193136642e-08
2.162496451362964389e-08
2.157149253667554878e-08
2.151822631605563742e-08
2.146516454297697784e-08
2.141230619324689261e-08
2.135965044478818901e-08
2.130719658785573455e-08
2.125494411603557889e-08
2.120289235309312868e-08
2.115104047936709791e-08
2.109938771767109123e-08
2.104793337824197969e-08
2.099667651229573586e-08
2.094561633301387959e-08
2.089475234270014347e-08
2.084408411641964095e-08
2.079361129773947846e-08
2.074333349880407679e-08
2.069325017411374579e-08
2.064336050626282833e-08
2.059366359999186479e-08
2.054415851999719166e-08
2.049484419919486460e-08
2.044571943421593210e-08
2.039678315774056770e-08
2.034803439157591556e-08
2.029947222098558236e-08
2.025109595830486734e-08
2.020290512175031734e-08
2.015489926084664000e-08
2.010707793170098163e-08
2.005944062040874864e-08
2.001198673133387443e-08
1.996471529459156626e-08
1.991762521640777568e-08
1.987071542061860669e-08
1.982398466217941588e-08
1.977743163049376276e-08
1.973105491034757196e-08
1.968485299360989746e-08
1.963882448758108417e-08
1.959296811630863695e-08
1.954728264404808927e-08
1.950176698526713578e-08
1.945641998361665617e-08
1.941124050043145391e-08
1.936622741530234754e-08
1.932137969759464318e-08
1.927669638697612100e-08
1.923217662458241464e-08
1.918781972540904943e-08
1.914362534402764820e-08
1.909959341234072912e-08
1.905572400042509811e-08
1.901201706247706473e-08
1.896847216699767052e-08
1.892508874908196193e-08
1.888186625047944495e-08
1.883880411413344906e-08
1.879590170156789616e-08
1.875315814688934018e-08
1.871057276646793173e-08
1.866814498710815064e-08
1.862587407709553632e-08
1.858375891253179001e-08
1.854179841127668872e-08
1.849999178310752028e-08
1.845833825242887529e-08
1.841683708041623903e-08
1.837548765631626665e-08
1.833428921186861255e-08
1.829324075859570382e-08
1.825234122601510472e-08
1.821158949769012566e-08
1.817098444229901490e-08
1.813052502491408728e-08
1.809021028954840196e-08
1.805003928924858147e-08
1.801001112178386334e-08
1.797012514608443879e-08
1.793038101634496460e-08
1.789077839101041951e-08
1.785131692258927908e-08
1.781199624716577209e-08
1.777281597708356726e-08
1.773377556273696903e-08
1.769487412556952439e-08
1.765611064481961179e-08
1.761748420494210011e-08
1.757899388947086214e-08
1.754063885392389292e-08
1.750241829888551589e-08
1.746433134071622673e-08
1.742637723342471863e-08
1.738855532824654032e-08
1.735086492726881881e-08
1.731330528033930382e-08
1.727587555241866405e-08
1.723857512186953532e-08
1.720140358570704619e-08
1.716436062919499876e-08
1.712744594138107661e-08
1.709065901233761503e-08
1.705399928679026624e-08
1.701746633200904506e-08
1.698105988553159785e-08
1.694477986822579718e-08
1.690862625686962601e-08
1.687259855575326138e-08
1.683669591096374416e-08
1.680091740778223052e-08
1.676526216749992726e-08
1.672972934586645987e-08
1.669431810921973951e-08
1.665902763737790895e-08
1.662385716968689242e-08
1.658880596607780769e-08
1.655387333290440585e-08
1.651905872447626546e-08
1.648436156785174133e-08
1.644978119089626008e-08
1.641531689454816692e-08
1.638096799259777507e-08
1.634673379169650483e-08
1.631261359328586874e-08
1.627860676362748222e-08
1.624471276117594243e-08
1.621093102484283433e-08
1.617726093917107040e-08
1.614370192737238397e-08
1.611025340018875736e-08
1.607691461734370919e-08
1.604368482338143134e-08
1.601056325324287306e-08
1.597754917175174678e-08
1.594464209437404843e-08
1.591184175307240571e-08
1.587914801052403395e-08
1.584656077870679460e-08
1.581407991445199924e-08
1.578170520274269000e-08
1.574943641199596954e-08
1.571727331479727233e-08
1.568521567347668404e-08
1.565326320426408542e-08
1.562141555494398308e-08
1.558967218428936263e-08
1.555803251087521965e-08
1.552649581641052427e-08
1.549506134402158817e-08
1.546372830582785447e-08
1.543249591617872277e-08
1.540136338572289913e-08
1.537032987274760391e-08
1.533939453074280036e-08
1.530855666788174573e-08
1.527781590654829138e-08
1.524717186361096267e-08
1.521662415810872416e-08
1.518617241353872630e-08
1.515581628432385490e-08
1.512555546194662282e-08
1.509538965351827689e-08
1.506531856608195385e-08
1.503534187082786445e-08
1.500545912569193879e-08
1.497566970963612490e-08
1.494597296977977188e-08
1.491636832709873727e-08
1.488685522903850270e-08
1.485743306135205983e-08
1.482810122623168195e-08
1.479885927241370245e-08
1.476970690771762832e-08
1.474064389908757520e-08
1.471167003126945905e-08
1.468278509423643628e-08
1.465398888643692778e-08
1.462528120289321365e-08
1.459666185538549059e-08
1.456813064160612644e-08
1.453968728374852420e-08
1.451133146043884130e-08
1.448306262305250441e-08
1.445488014479958339e-08
1.442678337226062176e-08
1.439877161922805363e-08
1.437084420546057002e-08
1.434300051090848398e-08
1.431523991972777107e-08
1.428756186385509535e-08
1.425996578856370591e-08
1.423245114869596006e-08
1.420501750477088604e-08
1.417766467067030493e-08
1.415039249254054681e-08
1.412320080035687181e-08
1.409608943780988946e-08
1.406905825554227024e-08
1.404210712663805659e-08
1.401523587008590073e-08
1.398844433885218064e-08
1.396173242527741557e-08
1.393509999551350221e-08
1.390854674786976767e-08
1.388207227207862898e-08
1.385567608953991514e-08
1.382935762677158385e-08
1.380311628222602964e-08
1.377695152749134035e-08
1.375086292760212649e-08
1.372485005731569601e-08
1.369891244502312739e-08
1.367304957974424634e-08
1.364726097123561826e-08
1.362154623006033779e-08
1.359590503756639191e-08
1.357033718442080428e-08
1.354484248791352403e-08
1.351942076824942687e-08
1.349407178456295654e-08
1.346879516471175933e-08
1.344359058541602461e-08
1.341845784165417376e-08
1.339339676406631994e-08
1.336840714465774260e-08
1.334348867428328170e-08
1.331864094070959097e-08
1.329386351164988035e-08
1.326915597009352450e-08
1.324451794331264660e-08
1.321994905417832889e-08
1.319544896547392714e-08
1.317101738698744629e-08
1.314665405643732295e-08
1.312235866927231994e-08
1.309813097473961268e-08
1.307397081642261468e-08
1.304987804842870034e-08
1.302585252364037815e-08
1.300189411147148356e-08
1.297800268100949784e-08
1.295417808428383331e-08
1.293042007723689668e-08
1.290672831787701626e-08
1.288310244896847337e-08
1.285954215152726275e-08
1.283604709493214237e-08
1.281261689733102296e-08
1.278925117965279647e-08
1.276594956992772850e-08
1.274271170590263622e-08
1.271953722894098379e-08
1.269642575776696048e-08
1.267337694926534180e-08
1.265039049198068201e-08
1.262746610025495777e-08
1.260460363425265291e-08
1.258180306591245262e-08
1.255906429921660783e-08
1.253638721072363719e-08
1.251377171100802904e-08
1.249121773229920334e-08
1.246872522058899108e-08
1.244629412695883742e-08
1.242392425414117298e-08
1.240161528341464054e-08
1.237936688111026931e-08
1.235717865904975554e-08
1.233505019315235609e-08
1.231298108935228109e-08
1.229097098586439459e-08
1.226901951516317534e-08
1.224712630561475904e-08
1.222529097451290971e-08
1.220351311047924174e-08
1.218179236770932180e-08
1.216012853343628542e-08
1.213852143007106592e-08
1.211697090661561110e-08
1.209547683760834713e-08
1.207403912478581558e-08
1.205265767927440299e-08
1.203133245520718096e-08
1.201006346067955771e-08
1.198885068806600663e-08
1.196769410315109173e-08
1.194659354680893209e-08
1.192554870917313897e-08
1.190455928365774323e-08
1.188362497071892663e-08
1.186274546057297379e-08
1.184192048923618049e-08
1.182114986053865263e-08
1.180043342913558482e-08
1.177977110016358333e-08
1.175916275501346828e-08
1.173860826447264825e-08
1.171810746610018532e-08
1.169766022930679153e-08
1.167726646835589120e-08
1.165692610470666036e-08
1.163663905874793310e-08
1.161640524803130905e-08
1.159622455653218543e-08
1.157609671618446361e-08
1.155602139022616251e-08
1.153599823455265532e-08
1.151602697740843423e-08
1.149610733950767994e-08
1.147623896054883308e-08
1.145642146025563470e-08
1.143665446091916456e-08
1.141693759743176853e-08
1.139727054363394733e-08
1.137765294537914949e-08
1.135808447664634079e-08
1.133856491643282308e-08
1.131909406129220122e-08
1.129967173152088010e-08
1.128029780539882230e-08
1.126097223837462100e-08
1.124169503348637991e-08
1.122246623651292440e-08
1.120328591210117221e-08
1.118415413564399899e-08
1.116507098415672239e-08
1.114603653193467346e-08
1.112705078793905216e-08
1.110811370323117174e-08
1.108922522353245286e-08
1.107038527401928061e-08
1.105159373934791119e-08
1.103285047001387620e-08
1.101415527673448492e-08
1.099550795587229825e-08
1.097690827157754162e-08
1.095835595378296468e-08
1.093985073346518921e-08
1.092139236565334339e-08
1.090298063134271269e-08
1.088461532342211302e-08
1.086629622912808128e-08
1.084802311019715140e-08
1.082979574767744255e-08
1.081161390983691007e-08
1.079347740516655960e-08
1.077538605706187781e-08
1.075733968460179209e-08
1.073933810007228035e-08
1.072138111514370790e-08
1.070346854629164303e-08
1.068560019688440484e-08
1.066777584254976338e-08
1.064999528005057537e-08
1.063225832093925512e-08
1.061456479491686396e-08
1.059691459062648502e-08
1.057930766870312732e-08
1.056174400127667883e-08
1.054422356340754153e-08
1.052674634615220058e-08
1.050931235161689935e-08
1.049192157839081514e-08
1.047457402376830965e-08
1.045726967215814337e-08
1.044000849738477973e-08
1.042279047011575232e-08
1.040561556141381831e-08
1.038848370731456339e-08
1.037139481743805834e-08
1.035434871793402999e-08
1.033734520422257443e-08
1.032038407398386522e-08
1.030346510964676464e-08
1.028658807840259127e-08
1.026975272071525537e-08
1.025295877353854779e-08
1.023620598022635429e-08
1.021949409588901896e-08
1.020282289067964176e-08
1.018619215333661025e-08
1.016960168914985354e-08
1.015305131268425201e-08
1.013654087496952056e-08
1.012007028275908760e-08
1.010363946221812508e-08
1.008724833238361574e-08
1.007089681637443546e-08
1.005458485547839624e-08
1.003831239147473476e-08
1.002207936542704746e-08
1.000588572773579147e-08
9.989731461135642762e-09
9.973616571563918495e-09
9.957541101706066492e-09
9.941505097261974291e-09
9.925508583079714051e-09
9.909551555175964445e-09
9.893633965619782930e-09
9.877755740094932278e-09
9.861916779488194742e-09
9.846116977505303200e-09
9.830356241485023868e-09
9.814634483653837248e-09
9.798951576726237890e-09
9.783307343528504689e-09
9.767701614984607767e-09
9.752134199075147559e-09
9.736604865101532410e-09
9.721113346847896319e-09
9.705659368737148786e-09
9.690242656932134025e-09
9.674862939992298217e-09
9.659519951966716350e-09
9.644213432066899266e-09
9.628943146647336697e-09
9.613708928486718022e-09
9.598510706162957122e-09
9.583348415237805813e-09
9.568221989941878820e-09
9.553131352548373988e-09
9.538076462105049918e-09
9.523057314006697662e-09
9.508073909898509976e-09
9.493126251881851525e-09
9.478214345466249769e-09
9.463338172202154175e-09
9.448497702481294805e-09
9.433692911373103126e-09
9.418923762925748764e-09
9.404190217270792136e-09
9.389492242833286806e-09
9.374829774147548513e-09
9.360202743391958537e-09
9.345611114191257713e-09
9.331054835417946738e-09
9.316533835556072690e-09
9.302048035139257699e-09
9.287597361257282982e-09
9.273181741808905778e-09
9.258801112911141087e-09
9.244455439950498718e-09
9.230144684306585887e-09
9.215868788882129229e-09
9.201627677288521187e-09
9.187421238965667972e-09
9.173249332604560192e-09
9.159111753524670732e-09
9.145008300081865566e-09
9.130938767421347166e-09
9.116902940696269032e-09
9.102900608282473709e-09
9.088931569510912638e-09
9.074995632738933938e-09
9.061092597373717051e-09
9.047222265041755425e-09
9.033384439962522115e-09
9.019578927679692188e-09
9.005805534668041676e-09
8.992064152279575916e-09
8.978354742284495154e-09
8.964677266857067439e-09
8.951031686929453181e-09
8.937417976568671634e-09
8.923836104746747889e-09
8.910286027163972956e-09
8.896767686446887788e-09
8.883281030909606466e-09
8.869826035677788882e-09
8.856402683058016919e-09
8.843010968544404515e-09
8.829650892824045938e-09
8.816322431497917260e-09
8.803025543631346395e-09
8.789760187702420929e-09
8.776526328805023946e-09
8.763323941665854552e-09
8.750153014182883188e-09
8.737013525302465715e-09
8.723905425717254210e-09
8.710828658712111244e-09
8.697783174082335242e-09
8.684768890848353752e-09
8.671785696251342544e-09
8.658833477795957574e-09
8.645912140251111765e-09
8.633021592262786360e-09
8.620161744688218212e-09
8.607332504219998238e-09
8.594533748605937264e-09
8.581765333176191066e-09
8.569027109287199316e-09
8.556318929920393037e-09
8.543640642663477769e-09
8.530992089854798090e-09
8.518373107660581254e-09
8.505783526382845241e-09
8.493223189616479885e-09
8.480691949996074412e-09
8.468189652643652888e-09
8.455716151853484535e-09
8.443271310820244069e-09
8.430855023613413732e-09
8.418467206675970950e-09
8.406107798019693797e-09
8.393776757370569417e-09
8.381474049049172902e-09
8.369199650166293393e-09
8.356953550979804606e-09
8.344735726739054753e-09
8.332546146651936167e-09
8.320384792382298158e-09
8.308251657380572613e-09
8.296146748207042943e-09
8.284070066239171663e-09
8.272021591645128224e-09
8.260001285794572170e-09
8.248009091398352358e-09
8.236044944185349137e-09
8.224108784891118952e-09
8.212200544132202008e-09
8.200320147543681500e-09
8.188467507982395877e-09
8.176642518093723464e-09
8.164845069020429295e-09
8.153075054215084315e-09
8.141332367414161088e-09
8.129616898920558396e-09
8.117928545429059347e-09
8.106267212453787186e-09
8.094632790283199774e-09
8.083025151094524620e-09
8.071444157956908470e-09
8.059889670682189859e-09
8.048361546477369250e-09
8.036859661651639834e-09
8.025383916267787897e-09
8.013934216929457626e-09
8.002510486176554712e-09
7.991112659860870273e-09
7.979740673071106421e-09
7.968394458074400916e-09
7.957073963246204933e-09
7.945779143158427592e-09
7.934509959506414257e-09
7.923266394238575953e-09
7.912048432969502326e-09
7.900856062742573751e-09
7.889689258054190670e-09
7.878547970135574185e-09
7.867432145103368558e-09
7.856341726737944016e-09
7.845276658102159436e-09
7.834236880464857912e-09
7.823222333899517215e-09
7.812232970337593308e-09
7.801268744257710845e-09
7.790329600615321251e-09
7.779415453584819417e-09
7.768526200025739671e-09
7.757661741035052513e-09
7.746821993496498557e-09
7.736006897343176410e-09
7.725216399908200339e-09
7.714450444996031382e-09
7.703708955594190782e-09
7.692991839418194091e-09
7.682299000933008368e-09
7.671630310526087121e-09
7.660985635513931167e-09
7.650364851747895844e-09
7.639767811630441996e-09
7.629194363156046190e-09
7.618644378892376765e-09
7.608117746082730382e-09
7.597614359575482403e-09
7.587134122264285941e-09
7.576676943077142853e-09
7.566242734416726418e-09
7.555831423939266176e-09
7.545442950288428431e-09
7.535077277448438440e-09
7.524734387281106380e-09
7.514414261413518346e-09
7.504116870807196186e-09
7.493842192896247472e-09
7.483590225508461174e-09
7.473360965893253304e-09
7.463154406876264727e-09
7.452970536255089172e-09
7.442809340468762242e-09
7.432670807964470875e-09
7.422554925100041388e-09
7.412461663076126928e-09
7.402390975496092489e-09
7.392342785509389848e-09
7.382317000601388922e-09
7.372313526298764591e-09
7.362332264359815775e-09
7.352373115773139079e-09
7.342435994431568695e-09
7.332520821550938171e-09
7.322627523921306447e-09
7.312756022250618176e-09
7.302906234224684690e-09
7.293078078558156296e-09
7.283271474885125159e-09
7.273486345330296970e-09
7.263722618649175497e-09
7.253980229748995143e-09
7.244259118399068617e-09
7.234559246447558765e-09
7.224880583332042816e-09
7.215223059702659395e-09
7.205586574768707351e-09
7.195971029917728364e-09
7.186376349718509432e-09
7.176802465113944947e-09
7.167249305456690287e-09
7.157716792607525934e-09
7.148204840457697891e-09
7.138713344650666699e-09
7.129242196042463506e-09
7.119791286955859578e-09
7.110360513534552103e-09
7.100949772823280319e-09
7.091558968359965157e-09
7.082188057714463950e-09
7.072837008022215155e-09
7.063505779496400409e-09
7.054194326060945319e-09
7.044902610254605144e-09
7.035630599702613491e-09
7.026378248757574046e-09
7.017145509298234821e-09
7.007932342343852554e-09
6.998738719793977695e-09
6.989564612815971854e-09
6.980409992224911169e-09
6.971274830504467954e-09
6.962159095815055052e-09
6.953062737010447444e-09
6.943985695800383764e-09
6.934927906767503643e-09
6.925889317519925815e-09
6.916869888356641152e-09
6.907869582481328261e-09
6.898888365552556652e-09
6.889926201859519839e-09
6.880983048347725021e-09
6.872058865426915935e-09
6.863153613293032464e-09
6.854267242815082421e-09
6.845399709776106309e-09
6.836550967024484834e-09
6.827720967113215817e-09
6.818909661796538388e-09
6.810117003926913737e-09
6.801342916891427741e-09
6.792587301349924824e-09
6.783850059950813108e-09
6.775131097117092645e-09
6.766430326818685897e-09
6.757747670317989235e-09
6.749083049655190345e-09
6.740436385282805468e-09
6.731807587275073871e-09
6.723196562531877107e-09
6.714603225920194331e-09
6.706027496856720581e-09
6.697469288810699127e-09
6.688928507959186362e-09
6.680405082089262698e-09
6.671898976776583542e-09
6.663410166356608940e-09
6.654938626239118783e-09
6.646484329472909389e-09
6.638047239902149450e-09
6.629627321175428243e-09
6.621224537697876917e-09
6.612838849075537294e-09
6.604470210324120743e-09
6.596118571086711224e-09
6.587783879323080973e-09
6.579466085507139946e-09
6.571165143862552571e-09
6.562881008775774076e-09
6.554613627235117588e-09
6.546362954027918185e-09
6.538128949183121218e-09
6.529911585355320988e-09
6.521710841643304541e-09
6.513526691659749774e-09
6.505359099449510149e-09
6.497208029745912301e-09
6.489073446555474007e-09
6.480955315521923503e-09
6.472853601185844417e-09
6.464768267304268580e-09
6.456699276092895037e-09
6.448646580278269890e-09
6.440610129382639243e-09
6.432589872868029627e-09
6.424585757762408380e-09
6.416597724909560258e-09
6.408625710891477510e-09
6.400669652470108006e-09
6.392729488343093242e-09
6.384805153199298557e-09
6.376896587725339426e-09
6.369003734356154479e-09
6.361126539177968409e-09
6.353264951505605164e-09
6.345418920304507456e-09
6.337588390653065602e-09
6.329773303165971723e-09
6.321973594603783201e-09
6.314189199107713079e-09
6.306420062199235933e-09
6.298666138659774979e-09
6.290927382186931765e-09
6.283203746007177192e-09
6.275495184570827314e-09
6.267801653932067475e-09
6.260123104304565856e-09
6.252459486420809072e-09
6.244810759303382962e-09
6.237176892640981071e-09
6.229557861341202766e-09
6.221953641793864085e-09
6.214364214103313358e-09
6.206789558861825463e-09
6.199229654298141509e-09
6.191684462264288930e-09
6.184153934492473248e-09
6.176638021716875972e-09
6.169136677789613504e-09
6.161649859208435214e-09
6.154177525558298087e-09
6.146719639832785952e-09
6.139276164055629089e-09
6.131847061913588679e-09
6.124432300532358991e-09
6.117031843699436918e-09
6.109645646150277595e-09
6.102273654960053905e-09
6.094915810797343824e-09
6.087572056990241690e-09
6.080242339342652147e-09
6.072926604274480412e-09
6.065624804923188618e-09
6.058336897999688922e-09
6.051062841010202827e-09
6.043802589280987639e-09
6.036556095530321790e-09
6.029323313919234765e-09
6.022104200302439785e-09
6.014898710866441318e-09
6.007706812449475959e-09
6.000528470983885189e-09
5.993363648978898057e-09
5.986212307608686509e-09
5.979074409498251795e-09
5.971949920745752018e-09
5.964838819577643613e-09
5.957741089391016233e-09
5.950656709727832174e-09
5.943585650767719154e-09
5.936527883426754546e-09
5.929483380108456037e-09
5.922452112556481967e-09
5.915434052010611125e-09
5.908429165621167082e-09
5.901437417395713997e-09
5.894458766167668120e-09
5.887493169211773557e-09
5.880540585212087520e-09
5.873600980268030389e-09
5.866674323433545431e-09
5.859760580012531100e-09
5.852859716261247840e-09
5.845971704808298280e-09
5.839096520825791813e-09
5.832234133778907858e-09
5.825384512638404263e-09
5.818547627610889725e-09
5.811723451813178796e-09
5.804911960386647804e-09
5.798113125736674762e-09
5.791326914690777663e-09
5.784553292938554391e-09
5.777792226066881059e-09
5.771043659898348319e-09
5.764307533931368884e-09
5.757583786931004431e-09
5.750872357726270109e-09
5.744173185235063274e-09
5.737486207735737495e-09
5.730811364684554016e-09
5.724148595724070868e-09
5.717497844163340694e-09
5.710859062366225638e-09
5.704232213272533691e-09
5.697617261992125759e-09
5.691014173519916903e-09
5.684422913174196039e-09
5.677843459260396324e-09
5.671275816427742640e-09
5.664719989748146679e-09
5.658175977909029146e-09
5.651643774094342385e-09
5.645123368726678244e-09
5.638614750267093824e-09
5.632117907396881412e-09
5.625632825604750310e-09
5.619159484187807427e-09
5.612697860375369439e-09
5.606247933863282358e-09
5.599809685249388817e-09
5.593383093652090795e-09
5.586968133697656917e-09
5.580564764136230334e-09
5.574172931123882872e-09
5.567792579495104854e-09
5.561423659259011794e-09
5.555066134666290295e-09
5.548719976006679878e-09
5.542385153477917728e-09
5.536061635774584285e-09
5.529749391541297453e-09
5.523448392965766804e-09
5.517158613358245561e-09
5.510880030145135278e-09
5.504612622059758893e-09
5.498356368631491493e-09
5.492111254667532411e-09
5.485877269047097572e-09
5.479654401788129514e-09
5.473442648445975875e-09
5.467242006789145726e-09
5.461052456813812854e-09
5.454873965635842141e-09
5.448706497835858547e-09
5.442550014059305964e-09
5.436404468933762765e-09
5.430269811547142370e-09
5.424145990129074766e-09
5.418032954892455545e-09
5.411930660436608249e-09
5.405839062677487243e-09
5.399758115671944406e-09
5.393687773484795708e-09
5.387627990585290539e-09
5.381578722524943204e-09
5.375539926767536703e-09
5.369511574770547218e-09
5.363493655415644921e-09
5.357486157075682164e-09
5.351489063636819964e-09
5.345502357274079608e-09
5.339526023241548063e-09
5.333560048375886651e-09
5.327604419291299703e-09
5.321659121088953305e-09
5.315724138308304970e-09
5.309799455424197821e-09
5.303885055194191783e-09
5.297980918038904388e-09
5.292087025149337074e-09
5.286203357789908524e-09
5.280329892357725546e-09
5.274466595469140154e-09
5.268613432090431245e-09
5.262770370147964216e-09
5.256937381219771861e-09
5.251114441128861245e-09
5.245301528315232922e-09
5.239498620134078952e-09
5.233705698802502609e-09
5.227922752425731883e-09
5.222149773323901849e-09
5.216386756358412685e-09
5.210633696319576670e-09
5.204890587665483877e-09
5.199157422097180939e-09
5.193434191401458379e-09
5.187720890331776751e-09
5.182017512735397086e-09
5.176324042202374558e-09
5.170640451599995588e-09
5.164966714385148532e-09
5.159302804461322350e-09
5.153648694633663173e-09
5.148004357594145593e-09
5.142369767710098442e-09
5.136744897523129765e-09
5.131129714893516538e-09
5.125524187312920065e-09
5.119928278849229133e-09
5.114341947690515186e-09
5.108765144295017241e-09
5.103197816076647742e-09
5.097639911417178351e-09
5.092091383276684800e-09
5.086552197501068195e-09
5.081022325909475378e-09
5.075501739777378809e-09
5.069990411441512093e-09
5.064488313955004320e-09
5.058995422195753285e-09
5.053511715557981862e-09
5.048037172834383049e-09
5.042571775125148743e-09
5.037115507310198206e-09
5.031668356704682002e-09
5.026230317339740105e-09
5.020801390910672564e-09
5.015381580941883381e-09
5.009970889865332363e-09
5.004569319308149121e-09
4.999176864757300753e-09
4.993793520782522728e-09
4.988419282408725670e-09
4.983054143587007421e-09
4.977698097516162426e-09
4.972351136778651201e-09
4.967013253310361918e-09
4.961684438179174986e-09
4.956364680063004484e-09
4.951053964522129863e-09
4.945752275178683532e-09
4.940459594564858406e-09
4.935175902639401655e-09
4.929901173874037271e-09
4.924635376735646857e-09
4.919378481402056534e-09
4.914130458055115830e-09
4.908891273465919093e-09
4.903660893032856098e-09
4.898439283141710539e-09
4.893226411698350276e-09
4.888022249519533108e-09
4.882826767366308696e-09
4.877639937042769198e-09
4.872461730165659460e-09
4.867292118442900310e-09
4.862131075909065674e-09
4.856978581545655832e-09
4.851834614733372565e-09
4.846699156664261215e-09
4.841572192526644581e-09
4.836453707265872737e-09
4.831343685497379734e-09
4.826242112765144603e-09
4.821148978059004613e-09
4.816064270175352581e-09
4.810987975552168624e-09
4.805920078082909493e-09
4.800860560653469703e-09
4.795809407721324894e-09
4.790766606326317591e-09
4.785732143642540901e-09
4.780706004596270116e-09
4.775688172554039662e-09
4.770678630432983358e-09
4.765677363532660770e-09
4.760684360005753588e-09
4.755699615208325922e-09
4.750723124745927828e-09
4.745754881615287591e-09
4.740794877158881456e-09
4.735843101407290453e-09
4.730899546954027058e-09
4.725964207291545586e-09
4.721037074874341714e-09
4.716118139378743966e-09
4.711207391527102863e-09
4.706304818875232206e-09
4.701410406756295774e-09
4.696524141059599822e-09
4.691646007638290407e-09
4.686775991902083564e-09
4.681914075300789829e-09
4.677060225254018943e-09
4.672214404163458202e-09
4.667376575721430752e-09
4.662546706025566128e-09
4.657724763868552527e-09
4.652910718762376209e-09
4.648104540660572443e-09
4.643306200351501916e-09
4.638515668884985525e-09
4.633732920356223742e-09
4.628957930417354588e-09
4.624190675141386406e-09
4.619431131201746512e-09
4.614679276245582017e-09
4.609935089685297225e-09
4.605198557538987933e-09
4.600469678501645202e-09
4.595748452678034765e-09
4.591034878258662637e-09
4.586328949702075494e-09
4.581630662876043784e-09
4.576940012533007319e-09
4.572256992430496232e-09
4.567581596377845325e-09
4.562913818568613965e-09
4.558253653432218837e-09
4.553601095851921677e-09
4.548956139316649703e-09
4.544318776456432105e-09
4.539688997408566140e-09
4.535066789928648750e-09
4.530452135780412961e-09
4.525845011475492042e-09
4.521245391611968440e-09
4.516653249860449991e-09
4.512068567906100796e-09
4.507491331085782132e-09
4.502921523467070613e-09
4.498359128846179636e-09
4.493804130576619669e-09
4.489256513013716166e-09
4.484716264390381544e-09
4.480183374372292722e-09
4.475657832406065206e-09
4.471139628648350623e-09
4.466628754656447332e-09
4.462125202862220175e-09
4.457628968921713621e-09
4.453140050344947762e-09
4.448658444897075799e-09
4.444184150503002669e-09
4.439717151872173152e-09
4.435257424063098275e-09
4.430804942119889504e-09
4.426359680819452498e-09
4.421921617940872984e-09
4.417490730954333533e-09
4.413066995209305125e-09
4.408650385272852587e-09
4.404240875480331739e-09
4.399838440096742554e-09
4.395443053413067575e-09
4.391054688626286739e-09
4.386673315994632256e-09
4.382298905125494917e-09
4.377931425965641173e-09
4.373570850035033256e-09
4.369217159956220327e-09
4.364870352259976290e-09
4.360530423495667590e-09
4.356197369833142761e-09
4.351871186663055299e-09
4.347551869435938304e-09
4.343239413542009349e-09
4.338933812609629352e-09
4.334635057519024525e-09
4.330343137550741458e-09
4.326058042352034104e-09
4.321779764663241980e-09
4.317508299089313633e-09
4.313243640546723753e-09
4.308985783404429568e-09
4.304734721215104143e-09
4.300490443594714150e-09
4.296252930741023910e-09
4.292022164922660121e-09
4.287798135827912341e-09
4.283580833832019636e-09
4.279370249534408525e-09
4.275166373723625486e-09
4.270969197316871704e-09
4.266778711518696849e-09
4.262594907229346559e-09
4.258417774875202825e-09
4.254247303559487872e-09
4.250083481166458318e-09
4.245926297450034710e-09
4.241775742870561420e-09
4.237631807682381759e-09
4.233494481908742972e-09
4.229363756780792722e-09
4.225239624183337470e-09
4.221122068882272111e-09
4.217011067120717163e-09
4.212906595953571652e-09
4.208808633453985669e-09
4.204717157688741664e-09
4.200632146422252837e-09
4.196553577185340715e-09
4.192481427413139400e-09
4.188415675849250375e-09
4.184356301378404542e-09
4.180303282304692546e-09
4.176256597486851966e-09
4.172216226923605131e-09
4.168182152280201771e-09
4.164154353721976589e-09
4.160132810628199516e-09
4.156117503055400398e-09
4.152108420056230951e-09
4.148105557253279496e-09
4.144108910331162975e-09
4.140118474674535344e-09
4.136134246443136989e-09
4.132156222725897652e-09
4.128184400630068294e-09
4.124218774355787680e-09
4.120259336383728442e-09
4.116306079028011223e-09
4.112358994185096634e-09
4.108418073734555081e-09
4.104483309032165530e-09
4.100554691147517344e-09
4.096632211600253137e-09
4.092715861591996843e-09
4.088805630891519382e-09
4.084901503432588497e-09
4.081003463352883532e-09
4.077111495179069649e-09
4.073225583952156225e-09
4.069345715170604195e-09
4.065471874982151719e-09
4.061604051021217088e-09
4.057742231335372151e-09
4.053886404492839395e-09
4.050036558785811135e-09
4.046192682901500618e-09
4.042354765772501734e-09
4.038522796280540904e-09
4.034696763119192393e-09
4.030876655647608108e-09
4.027062464278265134e-09
4.023254180210850144e-09
4.019451794464839419e-09
4.015655296051467736e-09
4.011864673303176369e-09
4.008079913758496832e-09
4.004301003782138413e-09
4.000527928654853074e-09
3.996760672438404003e-09
3.992999219253208939e-09
3.989243553489489604e-09
3.985493659984777214e-09
3.981749523913345734e-09
3.978011130640788558e-09
3.974278466351295212e-09
3.970551517271152927e-09
3.966830269520999770e-09
3.963114708431799220e-09
3.959404819191502670e-09
3.955700587291846906e-09
3.952002000281896761e-09
3.948309046006873371e-09
3.944621711824321963e-09
3.940939985356432618e-09
3.937263855196557570e-09
3.933593310624910055e-09
3.929928342203785282e-09
3.926268941415033639e-09
3.922615100333536113e-09
3.918966811616182930e-09
3.915324067761861242e-09
3.911686861117947662e-09
3.908055184320786905e-09
3.904429030014817648e-09
3.900808390121466467e-09
3.897193255888292287e-09
3.893583617906237235e-09
3.889979466059739379e-09
3.886380790096010831e-09
3.882787579684296142e-09
3.879199823250019126e-09
3.875617507790327381e-09
3.872040619820710330e-09
3.868469145925131409e-09
3.864903072812672565e-09
3.861342385348097455e-09
3.857787065850684358e-09
3.854237096466983004e-09
3.850692459887082676e-09
3.847153140102780318e-09
3.843619122159713384e-09
3.840090391695471277e-09
3.836566937480331065e-09
3.833048750257002667e-09
3.829535822705419081e-09
3.826028149362055668e-09
3.822525725485961491e-09
3.819028546406979861e-09
3.815536607457880659e-09
3.812049903996272342e-09
3.808568431682259181e-09
3.805092186712771604e-09
3.801621165003544126e-09
3.798155362501389264e-09
3.794694774667973141e-09
3.791239396841593685e-09
3.787789223850289226e-09
3.784344249138172817e-09
3.780904463682423685e-09
3.777469852214885008e-09
3.774040398333363467e-09
3.770616086155722469e-09
3.767196898516260309e-09
3.763782816670887293e-09
3.760373821867909450e-09
3.756969896651417859e-09
3.753571023874408409e-09
3.750177186246767297e-09
3.746788365756202415e-09
3.743404544296855119e-09
3.740025703136090510e-09
3.736651823165071118e-09
3.733282885975444140e-09
3.729918873384660537e-09
3.726559768088521274e-09
3.723205557713279131e-09
3.719856238004014645e-09
3.716511805327765455e-09
3.713172255297970438e-09
3.709837582176260964e-09
3.706507779752349869e-09
3.703182841103558056e-09
3.699862759362249096e-09
3.696547528324306591e-09
3.693237141812092611e-09
3.689931592715738326e-09
3.686630873496204244e-09
3.683334977102277739e-09
3.680043896848017154e-09
3.676757626366309738e-09
3.673476158539760147e-09
3.670199484078137486e-09
3.666927590758765837e-09
3.663660464248634674e-09
3.660398089717547047e-09
3.657140453407921865e-09
3.653887545720556418e-09
3.650639359963704310e-09
3.647395888955702811e-09
3.644157125968048510e-09
3.640923065179946298e-09
3.637693700801038416e-09
3.634469027178354358e-09
3.631249038995290413e-09
3.628033731867306262e-09
3.624823101870072616e-09
3.621617146136179463e-09
3.618415862883533588e-09
3.615219250557998692e-09
3.612027308799014190e-09
3.608840037313776344e-09
3.605657435369099968e-09
3.602479501845834510e-09
3.599306230201437928e-09
3.596137602874328564e-09
3.592973601691555982e-09
3.589814208669991980e-09
3.586659405015826691e-09
3.583509171285052781e-09
3.580363487157071914e-09
3.577222331996510855e-09
3.574085685448985902e-09
3.570953527215121278e-09
3.567825837335479349e-09
3.564702595902646766e-09
3.561583782174448455e-09
3.558469375471409635e-09
3.555359355688510540e-09
3.552253702944721158e-09
3.549152397213858654e-09
3.546055420459505368e-09
3.542962765721878192e-09
3.539874429295363491e-09
3.536790406471686441e-09
3.533710691985585605e-09
3.530635280817348522e-09
3.527564168551044608e-09
3.524497352095442840e-09
3.521434829462591217e-09
3.518376599520644446e-09
3.515322660624525577e-09
3.512273011150156053e-09
3.509227649449151856e-09
3.506186573664612866e-09
3.503149781719723070e-09
3.500117271558151998e-09
3.497089040692523706e-09
3.494065084626609882e-09
3.491045394691838119e-09
3.488029960234998525e-09
3.485018772087277498e-09
3.482011825265697668e-09
3.479009115814987816e-09
3.476010639686981447e-09
3.473016392466949869e-09
3.470026369715558251e-09
3.467040567068705080e-09
3.464058980032893390e-09
3.461081602633213156e-09
3.458108427853976681e-09
3.455139448213222413e-09
3.452174656207308399e-09
3.449214044170457012e-09
3.446257604375286349e-09
3.443305329077779906e-09
3.440357211510916193e-09
3.437413246324415736e-09
3.434473428049434298e-09
3.431537746500117793e-09
3.428606184520292812e-09
3.425678725232854351e-09
3.422755352183076506e-09
3.419836049069463204e-09
3.416920799927297101e-09
3.414009588330679539e-09
3.411102397085491437e-09
3.408199210543042701e-09
3.405300014241204458e-09
3.402404794022041438e-09
3.399513536065540264e-09
3.396626226715174842e-09
3.393742852306148101e-09
3.390863398925023230e-09
3.387987852299915039e-09
3.385116197691457630e-09
3.382248420296502448e-09
3.379384512844445409e-09
3.376524473837824907e-09
3.373668301935010237e-09
3.370815995627789753e-09
3.367967553328573076e-09
3.365122973856800178e-09
3.362282255415343009e-09
3.359445395318507834e-09
3.356612390391149464e-09
3.353783237263731131e-09
3.350957932521289788e-09
3.348136472981071838e-09
3.345318855306124397e-09
3.342505076431566281e-09
3.339695134407162857e-09
3.336889027503755506e-09
3.334086753813473654e-09
3.331288310112562014e-09
3.328493689237123631e-09
3.325702883646150320e-09
3.322915886011341736e-09
3.320132688942316390e-09
3.317353285055780902e-09
3.314577666824871878e-09
3.311805826036737593e-09
3.309037753938133367e-09
3.306273441699010387e-09
3.303512881308319633e-09
3.300756065255789300e-09
3.298002985939359896e-09
3.295253635553891647e-09
3.292508005840417924e-09
3.289766088321940111e-09
3.287027874762575709e-09
3.284293357065140971e-09
3.281562527404932057e-09
3.278835379080196580e-09
3.276111903788559126e-09
3.273392091058833793e-09
3.270675930280523401e-09
3.267963410721630345e-09
3.265254521817248746e-09
3.262549253476871557e-09
3.259847596052726509e-09
3.257149540250757823e-09
3.254455077284907389e-09
3.251764198796839373e-09
3.249076896302783445e-09
3.246393162013439511e-09
3.243712989105218922e-09
3.241036370589284263e-09
3.238363299136682545e-09
3.235693767058439100e-09
3.233027765725539370e-09
3.230365286225863748e-09
3.227706321472403781e-09
3.225050867377119147e-09
3.222398920200382958e-09
3.219750476172350590e-09
3.217105531213233260e-09
3.214464081133794608e-09
3.211826121790805645e-09
3.209191649141632060e-09
